5.2457122802734375
4.550445079803467
5.678555011749268
4.265219688415527
3.8552935123443604
5.1331706047058105
4.665572166442871
4.268640518188477
4.495264053344727
6.439347743988037
3.5931355953216553
5.398987770080566
3.334885358810425
5.155935764312744
3.645373582839966
4.614151477813721
2.778308868408203
3.9334864616394043
4.663656711578369
3.6135385036468506
4.830105781555176
4.827080249786377
5.670279502868652
3.427623748779297
4.225103378295898
4.163767337799072
5.072000503540039
3.606513738632202
2.6186764240264893
3.007944345474243
4.6975603103637695
3.481036901473999
5.185218334197998
4.685452461242676
4.233895301818848
6.024657726287842
4.504410266876221
3.826730966567993
5.250210285186768
4.255073547363281
4.257751941680908
4.216979503631592
3.6837737560272217
4.5057373046875
5.441938400268555
3.104691743850708
4.815220832824707
3.891599655151367
3.9474174976348877
4.18233060836792
4.427232265472412
2.326836109161377
2.8694493770599365
5.317466735839844
4.157569408416748
4.6268310546875
3.146625280380249
3.8111231327056885
5.167243003845215
3.168002128601074
4.8571271896362305
3.6003222465515137
4.314764976501465
2.679151773452759
4.932001113891602
4.8284101486206055
5.142900466918945
6.8984174728393555
4.1505231857299805
5.941959381103516
5.712775230407715
4.229458332061768
4.566674709320068
5.991980075836182
4.182875156402588
2.4289376735687256
4.059231281280518
4.494226932525635
4.22625732421875
4.870475769042969
4.791284084320068
4.88136625289917
4.189196586608887
4.9902262687683105
5.753523826599121
2.9403316974639893
4.411801338195801
3.0165352821350098
3.5043230056762695
5.524817943572998
5.125986576080322
2.7822864055633545
3.5387489795684814
5.076181888580322
3.5445895195007324
4.083378791809082
4.113711357116699
5.281148910522461
5.762691974639893
5.173479080200195
4.541297435760498
5.118614196777344
3.425899028778076
2.9542222023010254
3.204197645187378
4.491811752319336
4.127937316894531
3.7263362407684326
3.9538934230804443
2.891845703125
3.5007662773132324
4.307575702667236
7.16229248046875
3.7025604248046875
3.8621957302093506
3.425340175628662
1.5827643871307373
3.349647283554077
4.842631816864014
3.1517868041992188
4.144153118133545
3.8300883769989014
3.699709177017212
5.188528060913086
4.291990756988525
4.691312313079834
3.655337333679199
5.463046073913574
4.2791290283203125
3.783331871032715
5.7336506843566895
5.502830505371094
5.131336212158203
2.1307175159454346
2.3395824432373047
2.5104575157165527
3.985265016555786
5.511110305786133
3.058074951171875
3.7438127994537354
3.2056965827941895
4.878226280212402
4.363005638122559
3.2648911476135254
4.1041131019592285
6.5243330001831055
3.686323642730713
3.646665096282959
4.4398603439331055
5.824304103851318
4.28786563873291
6.10003137588501
6.359619140625
2.2141342163085938
4.915127277374268
3.9530391693115234
4.541275501251221
3.864633083343506
3.5270345211029053
3.177112102508545
5.048899173736572
5.64089822769165
3.8521437644958496
5.472647190093994
5.103005409240723
4.820393085479736
5.8428850173950195
4.326644420623779
4.257843971252441
3.4753785133361816
5.219397068023682
4.305271625518799
4.401194095611572
5.65159273147583
5.362825393676758
4.082129955291748
3.8721461296081543
3.205369234085083
7.46476411819458
4.781652927398682
4.943203449249268
3.733987808227539
4.634532928466797
2.9010202884674072
5.836129665374756
6.2376251220703125
5.5778279304504395
4.505631446838379
3.6682772636413574
5.81280517578125
6.279987812042236
4.4477009773254395
4.1943278312683105
6.509180068969727
4.628243923187256
2.583069324493408
3.9338724613189697
4.694672107696533
4.9994330406188965
3.3258981704711914
3.827613115310669
5.765402793884277
4.803459644317627
4.5994133949279785
6.013631343841553
4.988301753997803
3.9533028602600098
5.637682914733887
5.39464807510376
4.743124485015869
4.889001369476318
4.327898025512695
4.784028053283691
5.0892815589904785
3.705291509628296
5.037195682525635
4.870884418487549
4.203847408294678
4.531731605529785
3.8923943042755127
4.42115592956543
3.779341220855713
4.308582782745361
4.951416969299316
3.890073299407959
4.530108451843262
4.751363277435303
5.951223373413086
4.946430206298828
4.566725254058838
4.783707141876221
5.37213659286499
4.864040374755859
5.23358154296875
4.132847785949707
4.809259414672852
3.3681747913360596
3.397913932800293
4.5973591804504395
4.689830780029297
5.753444194793701
4.733668327331543
3.835787773132324
5.722661972045898
3.853421211242676
3.4466967582702637
1.382577896118164
4.430288791656494
4.497478008270264
5.307562828063965
4.687702655792236
3.5067903995513916
4.336963176727295
4.935049533843994
2.9957549571990967
4.995188236236572
3.7429699897766113
8.111001014709473
4.557233810424805
4.154909133911133
2.9767415523529053
4.419860363006592
6.053064823150635
6.856960773468018
3.5348641872406006
7.569782257080078
4.581116676330566
3.9703314304351807
4.0366530418396
4.037533283233643
6.810425758361816
3.66843843460083
3.3421311378479004
2.568925142288208
3.505808115005493
3.3675453662872314
5.061014652252197
3.476881504058838
3.024963140487671
5.729612350463867
3.5034098625183105
4.018612384796143
2.5119991302490234
4.177883625030518
4.602458953857422
3.744474411010742
3.724313259124756
5.203879356384277
4.268110275268555
4.532723426818848
4.183344841003418
3.6672263145446777
3.910140037536621
5.396608829498291
2.932450771331787
5.8857622146606445
5.588021755218506
3.9002034664154053
4.24806547164917
3.194122791290283
4.064003944396973
2.230530261993408
2.9851596355438232
2.726815700531006
5.512843132019043
4.1662492752075195
5.100280284881592
3.1758649349212646
4.497759819030762
4.075638771057129
1.6933742761611938
5.944733619689941
3.7254159450531006
4.451694488525391
4.723957538604736
4.519874572753906
2.0146353244781494
4.709295272827148
2.565582036972046
4.703152656555176
4.495821952819824
4.057191848754883
3.6296801567077637
5.235657691955566
2.566624879837036
4.950545310974121
5.1210618019104
1.9127953052520752
5.215861797332764
4.814013957977295
3.5222277641296387
3.9943957328796387
5.130317687988281
4.9179463386535645
3.392627000808716
5.494643688201904
5.463031768798828
4.1560282707214355
5.044954776763916
4.592426300048828
3.658050298690796
5.002286911010742
4.636568069458008
5.219167709350586
4.9136528968811035
5.129615306854248
4.696305751800537
3.913912773132324
3.8738014698028564
5.473593235015869
3.0792131423950195
6.316382884979248
5.247098922729492
4.9504828453063965
2.4470572471618652
3.3913121223449707
5.614243030548096
5.323283672332764
3.5976221561431885
3.5825541019439697
3.3532614707946777
4.960953712463379
4.101600646972656
4.893908977508545
3.0153698921203613
5.52015495300293
2.6641523838043213
3.9623382091522217
3.9916887283325195
4.797704696655273
5.352607727050781
4.816749095916748
3.415693521499634
3.771998882293701
4.510436534881592
4.599433898925781
4.439985275268555
5.780494213104248
4.852046012878418
5.450439453125
5.638306617736816
4.4432477951049805
4.893759727478027
4.286430358886719
5.086463928222656
5.760037422180176
3.227428436279297
4.48435640335083
4.418726444244385
5.944318771362305
4.896818161010742
4.388571262359619
4.789431095123291
3.6901562213897705
5.228090286254883
4.197010517120361
4.850956439971924
4.069374084472656
0.36531829833984375
4.717426300048828
5.9628777503967285
6.060840606689453
3.7576637268066406
4.979577541351318
3.3134925365448
4.768044471740723
3.9019336700439453
4.012254238128662
4.7126264572143555
6.02949333190918
3.437659978866577
4.985663414001465
3.114405393600464
4.75620698928833
1.7037183046340942
4.7080607414245605
4.952917575836182
4.722747325897217
4.25514030456543
2.873671054840088
5.538424015045166
3.6034486293792725
6.736696243286133
4.516048908233643
3.3156254291534424
4.141732692718506
3.3915398120880127
5.507006645202637
5.727443218231201
5.258080959320068
4.132408142089844
4.907907009124756
3.9497416019439697
3.9464282989501953
4.8232502937316895
5.260324001312256
5.225055694580078
5.659262180328369
4.920734882354736
5.103829860687256
2.8742563724517822
5.009834289550781
3.731455087661743
5.2325968742370605
3.6165804862976074
4.204500675201416
5.366976737976074
4.168459415435791
4.489678382873535
3.4157063961029053
5.159827709197998
4.436549663543701
4.53200626373291
3.531827926635742
5.515953063964844
4.428494453430176
4.102409839630127
5.3939008712768555
2.87341570854187
5.477038860321045
4.26375150680542
5.282724857330322
5.372037410736084
5.061927795410156
4.994208335876465
4.125258922576904
6.300558567047119
5.143881320953369
4.3947672843933105
4.707923889160156
4.471504211425781
4.458024978637695
4.305659294128418
3.226508140563965
4.803353786468506
3.9812867641448975
5.228454113006592
3.761920690536499
3.7584025859832764
2.8285958766937256
4.325191974639893
4.488402366638184
3.388796329498291
4.328787326812744
4.016231536865234
3.274573564529419
5.24188756942749
5.96527624130249
1.2947556972503662
2.8995351791381836
3.789397954940796
5.072661399841309
5.251406669616699
3.5271201133728027
3.1940925121307373
3.5938427448272705
3.1048104763031006
4.828115463256836
3.624162197113037
4.685032844543457
