5.035220623016357
5.265614986419678
6.309013366699219
3.992177724838257
3.685361385345459
4.29315710067749
4.169343948364258
4.244754314422607
4.365104675292969
6.246698379516602
3.212895631790161
4.7806220054626465
3.8147363662719727
5.210676193237305
3.8394179344177246
4.7723307609558105
2.972554922103882
4.1886186599731445
4.64885139465332
3.9173779487609863
4.392991065979004
4.601193904876709
5.274441242218018
3.106743335723877
4.189213752746582
4.361609935760498
4.973799705505371
3.410330295562744
2.5554113388061523
3.5654757022857666
4.399259567260742
3.3604214191436768
5.502482891082764
5.081449508666992
4.050248622894287
6.133975505828857
4.918766975402832
3.905198574066162
4.78449821472168
4.064396381378174
4.373442649841309
4.301077365875244
3.9687516689300537
5.306182384490967
4.899467468261719
3.234809637069702
4.792191028594971
3.9423606395721436
4.007772922515869
4.2392754554748535
3.8172731399536133
2.25179386138916
3.3390071392059326
4.863407611846924
4.2137603759765625
5.229125499725342
3.157329797744751
3.695585250854492
4.656318664550781
3.0689730644226074
4.389019966125488
3.885625123977661
4.167482852935791
2.8068864345550537
4.545537948608398
4.698220252990723
4.969482421875
6.772022247314453
4.053063869476318
6.164322376251221
5.609659194946289
3.917490005493164
4.097211837768555
6.346596717834473
4.462545871734619
2.4973719120025635
3.6821155548095703
4.516568183898926
4.04674768447876
4.90692138671875
4.976497650146484
4.956249237060547
4.17656135559082
5.496087551116943
5.798980236053467
2.462165117263794
4.233856678009033
3.197836399078369
3.214993953704834
6.261092185974121
4.5872578620910645
2.3772246837615967
3.930457353591919
4.8016438484191895
3.649315595626831
4.039794921875
4.186320781707764
4.9871392250061035
5.528085231781006
5.102521896362305
4.681923866271973
5.225918292999268
3.424039363861084
3.53957200050354
3.3018879890441895
4.570870399475098
4.0061492919921875
3.6411218643188477
3.4002292156219482
2.835184335708618
4.794102668762207
3.5329432487487793
7.158857822418213
3.7866082191467285
3.7255356311798096
3.640655517578125
2.485290765762329
3.5314111709594727
4.645706653594971
3.5657479763031006
4.022876262664795
3.8102736473083496
4.426463603973389
4.676665306091309
4.56800651550293
4.396231174468994
3.7246928215026855
5.156982421875
3.905327558517456
4.549654006958008
5.184709548950195
5.206333637237549
4.848260879516602
2.412881374359131
2.4504554271698
2.623805284500122
4.655898571014404
5.264204978942871
3.3487908840179443
3.8447892665863037
3.6716113090515137
5.429991245269775
4.776741027832031
3.422396659851074
3.8812859058380127
6.469814777374268
3.2116658687591553
3.249631404876709
4.92419958114624
5.515138626098633
4.705444812774658
6.195724964141846
5.444647789001465
2.5720908641815186
4.676684856414795
4.086764335632324
4.747158527374268
3.850189685821533
3.2939090728759766
3.041853427886963
4.773892402648926
5.701729774475098
4.120611190795898
5.383713722229004
5.274548530578613
5.090842247009277
5.933551788330078
4.295617580413818
4.768102169036865
3.378688335418701
5.6913557052612305
4.441025733947754
4.074578285217285
6.297537803649902
5.939102649688721
4.030969142913818
3.911522626876831
3.362093925476074
7.77169132232666
4.752432346343994
4.657173156738281
3.772249937057495
4.475200176239014
3.7226977348327637
5.299045562744141
6.364020347595215
5.676303386688232
5.204906463623047
3.7258505821228027
5.288127422332764
5.334986209869385
4.761755466461182
5.0074543952941895
5.950338363647461
4.805506229400635
2.5817952156066895
4.285666465759277
4.318504333496094
4.915416717529297
3.1610820293426514
4.048893928527832
4.965070724487305
4.833097457885742
4.699268341064453
6.163332462310791
4.991535663604736
3.4582600593566895
6.857992649078369
5.2811784744262695
5.087475299835205
4.352555751800537
4.995934963226318
4.662383079528809
4.737403869628906
3.727969169616699
5.459221363067627
5.0338592529296875
4.172482967376709
4.360347747802734
3.7076263427734375
4.197079181671143
3.5001869201660156
5.359803199768066
5.278939723968506
3.7010035514831543
4.717586994171143
4.483170509338379
5.6197309494018555
4.951343536376953
6.023557662963867
4.996557712554932
5.4916276931762695
5.289175510406494
5.143307209014893
4.644224166870117
4.4807844161987305
3.4409725666046143
3.277005195617676
4.2558746337890625
5.28195333480835
5.481024742126465
4.732609272003174
3.454385280609131
5.004317760467529
4.261755466461182
3.137826919555664
1.5240248441696167
4.509455680847168
4.477341651916504
4.854247570037842
4.548686504364014
3.64713716506958
4.772322654724121
4.35860538482666
3.296405792236328
4.848724842071533
3.9806528091430664
8.326196670532227
4.00276517868042
4.337465286254883
3.4791903495788574
4.030336856842041
5.65673303604126
6.046731948852539
3.3371498584747314
6.9140496253967285
4.183406829833984
3.713805913925171
3.797529458999634
3.979220151901245
6.185629367828369
3.8578670024871826
3.452829599380493
3.002220392227173
3.410705089569092
4.240380764007568
5.13455867767334
3.050903797149658
3.128376007080078
5.743586540222168
3.944039821624756
4.549607276916504
2.485633611679077
4.124755382537842
4.810098171234131
3.9836037158966064
3.819432497024536
5.464231014251709
4.165147304534912
4.820113658905029
4.211738586425781
3.8944313526153564
3.780076503753662
5.752589702606201
3.2331955432891846
5.813537120819092
6.671280860900879
4.219473838806152
4.654115676879883
2.872378349304199
3.9505128860473633
1.9020183086395264
2.7008509635925293
2.514434814453125
5.9415507316589355
4.643664360046387
4.839371681213379
3.723426580429077
4.592864513397217
4.009232521057129
1.4718009233474731
5.463808536529541
4.17445182800293
4.45574951171875
4.890369892120361
3.881981611251831
2.106086015701294
4.905824661254883
2.8652853965759277
5.410958766937256
4.898522853851318
4.37050199508667
3.8642351627349854
4.825786113739014
2.345085620880127
5.016682147979736
5.079339981079102
1.9670125246047974
5.257328033447266
4.509268283843994
3.049478054046631
4.008543491363525
4.951787948608398
4.888657569885254
3.753769636154175
5.293889999389648
5.842023849487305
4.771867275238037
4.16886568069458
4.9180192947387695
3.603266716003418
6.00065279006958
4.501093864440918
4.666044235229492
6.139400482177734
5.190437316894531
4.847148895263672
4.29951810836792
3.8909058570861816
5.554895401000977
3.5619685649871826
6.667570114135742
5.231848239898682
5.15893030166626
2.509711503982544
3.4338278770446777
5.221709728240967
5.25843620300293
3.620210886001587
4.243260383605957
3.1659586429595947
4.736068248748779
4.874119758605957
4.536654472351074
3.295745849609375
5.347463130950928
2.435774087905884
4.119593143463135
3.6583757400512695
4.723798751831055
5.300917625427246
5.05598783493042
3.055006504058838
3.5017106533050537
4.582540512084961
4.941061496734619
4.528433322906494
5.555274486541748
5.121315956115723
5.497425079345703
5.542044639587402
5.242177963256836
4.6691789627075195
4.1283392906188965
5.093743801116943
5.929370403289795
3.436767339706421
4.247647285461426
4.313436985015869
5.715977668762207
5.456286907196045
4.11561393737793
5.2992706298828125
3.8005502223968506
4.931757926940918
4.2282586097717285
4.465967655181885
4.2683796882629395
0.8022155165672302
4.483437538146973
5.397663593292236
6.0591816902160645
4.837762832641602
5.137209415435791
3.683774948120117
4.5194501876831055
4.0845770835876465
3.659593105316162
4.665215015411377
5.672797203063965
3.069758415222168
5.897866725921631
2.962916851043701
4.759772300720215
2.7486276626586914
4.377937316894531
5.051806449890137
5.0652689933776855
4.275203704833984
3.146718740463257
5.1359686851501465
3.7919678688049316
6.95245885848999
4.394949436187744
3.7722299098968506
4.273739337921143
3.1517961025238037
5.26922082901001
5.626319885253906
5.059370994567871
4.3487958908081055
4.852787494659424
3.751229763031006
4.218716621398926
5.37408447265625
5.349565505981445
5.746466159820557
5.799346446990967
5.025625228881836
5.831748008728027
3.549288511276245
4.740818023681641
3.7678704261779785
5.609759330749512
3.4175028800964355
4.025167942047119
4.967820167541504
3.858898162841797
4.251929759979248
2.9998512268066406
4.768760681152344
5.015990734100342
4.59351921081543
3.8622372150421143
5.385676383972168
4.371615886688232
3.942004442214966
5.446269989013672
3.1613070964813232
5.400594234466553
4.239301681518555
5.269683361053467
5.128711700439453
5.042393684387207
5.390725612640381
3.808946132659912
5.888687610626221
5.761220932006836
4.4474382400512695
4.293933391571045
4.603632926940918
5.0985188484191895
4.110213279724121
3.217374324798584
4.893404960632324
3.9494478702545166
4.973451614379883
3.986938953399658
3.7258834838867188
2.9832968711853027
3.8889071941375732
4.3017683029174805
3.1020700931549072
4.016918659210205
3.8605055809020996
3.6907243728637695
5.461490631103516
6.559101104736328
1.958238959312439
3.678539276123047
3.4011900424957275
5.123990535736084
4.952141284942627
3.4348909854888916
3.3853259086608887
4.6885600090026855
3.5499300956726074
4.586343765258789
4.531582355499268
5.322976112365723
