6.598770618438721
10.21140193939209
9.257381439208984
7.065842628479004
6.723479747772217
9.359333038330078
8.376202583312988
9.068258285522461
10.2495756149292
9.671502113342285
7.755445957183838
6.491898536682129
9.332874298095703
8.64730453491211
8.13730525970459
9.484752655029297
10.68966007232666
10.244878768920898
12.003634452819824
11.220338821411133
8.747401237487793
7.221658706665039
9.535249710083008
10.970161437988281
8.660798072814941
6.543894290924072
10.430397987365723
9.748161315917969
8.482819557189941
9.473865509033203
9.778172492980957
10.383740425109863
9.461165428161621
9.641101837158203
7.805698394775391
11.331987380981445
6.22622013092041
10.265546798706055
7.6620965003967285
10.220009803771973
10.107320785522461
3.6481540203094482
10.270031929016113
9.9227933883667
9.11886978149414
10.215636253356934
10.459016799926758
8.569524765014648
7.642802715301514
9.445772171020508
11.246648788452148
9.870920181274414
8.608999252319336
8.121420860290527
6.848227024078369
8.954739570617676
7.894520282745361
10.370543479919434
7.4659199714660645
10.78805160522461
8.065072059631348
8.776394844055176
11.67613697052002
8.307571411132812
7.5151190757751465
8.066563606262207
8.037446975708008
6.228738784790039
6.357029438018799
9.235754013061523
9.035286903381348
7.994754314422607
8.609899520874023
5.610244274139404
9.492230415344238
8.12779426574707
9.302505493164062
9.0331449508667
6.964438438415527
5.398578643798828
8.206883430480957
9.1259126663208
10.141571998596191
12.039494514465332
10.002779006958008
9.732551574707031
8.309215545654297
10.075945854187012
11.136919021606445
9.800179481506348
8.92765998840332
9.502026557922363
10.401250839233398
11.451217651367188
8.04056167602539
11.272932052612305
10.038863182067871
7.376089096069336
5.905594825744629
8.441901206970215
11.41849136352539
9.867488861083984
9.52255916595459
9.90834903717041
7.08705997467041
8.795167922973633
10.184819221496582
9.521968841552734
8.476269721984863
8.56743335723877
8.145474433898926
8.212162017822266
9.338929176330566
11.412302017211914
10.036645889282227
11.097086906433105
8.798095703125
8.849298477172852
11.070215225219727
7.7518134117126465
10.728607177734375
6.522294044494629
10.050894737243652
9.322047233581543
7.924627304077148
11.234030723571777
10.277175903320312
9.95134162902832
9.929964065551758
9.126538276672363
8.06201171875
7.8460564613342285
7.956503391265869
10.934148788452148
10.069351196289062
9.515727996826172
9.691553115844727
11.819135665893555
7.164453506469727
9.342728614807129
6.966735363006592
10.227296829223633
8.770245552062988
7.6041035652160645
9.199254989624023
9.033385276794434
8.300110816955566
6.2663068771362305
8.157601356506348
8.207000732421875
9.151183128356934
7.755080699920654
8.992413520812988
9.066843032836914
9.360532760620117
9.631906509399414
9.79321575164795
8.465522766113281
6.860753536224365
9.528898239135742
11.411287307739258
5.989628791809082
10.233100891113281
8.849943161010742
9.393367767333984
9.329988479614258
7.566417694091797
10.808454513549805
8.379103660583496
8.517669677734375
8.918155670166016
11.226106643676758
7.136277675628662
9.91355037689209
10.328750610351562
8.487027168273926
10.340157508850098
10.40003776550293
6.7036638259887695
9.652009963989258
9.890693664550781
13.212531089782715
9.27857780456543
8.396355628967285
8.073246002197266
10.376830101013184
12.316800117492676
10.067437171936035
10.606758117675781
5.8200788497924805
8.536982536315918
8.237668991088867
10.970364570617676
9.954612731933594
10.106261253356934
12.264344215393066
9.961241722106934
6.079525470733643
10.21532917022705
7.550566673278809
6.939063549041748
8.693889617919922
9.797969818115234
8.031352996826172
8.041271209716797
9.350833892822266
9.14168930053711
8.792731285095215
11.004044532775879
7.7848944664001465
8.324861526489258
7.611899375915527
8.405120849609375
10.135529518127441
8.635965347290039
10.360008239746094
6.740967750549316
9.867267608642578
8.829096794128418
8.24194049835205
10.302916526794434
9.535820960998535
10.208609580993652
10.48749828338623
9.162689208984375
11.624582290649414
8.251826286315918
4.2137250900268555
8.852948188781738
9.970458030700684
8.373147964477539
9.937490463256836
7.467578411102295
11.019243240356445
8.258355140686035
6.953699588775635
7.310881614685059
8.402400016784668
10.317248344421387
9.526443481445312
9.65064811706543
9.002342224121094
7.175570011138916
7.665832042694092
9.942242622375488
9.43242359161377
8.26588249206543
12.397161483764648
9.448262214660645
9.721536636352539
8.643110275268555
9.760923385620117
5.810696125030518
7.777622222900391
9.388545036315918
7.013849258422852
9.559676170349121
8.056048393249512
10.028529167175293
8.854186058044434
8.574444770812988
8.194351196289062
10.356596946716309
7.838376522064209
9.551095962524414
9.037236213684082
11.01632022857666
6.003711700439453
8.058674812316895
10.4223051071167
10.567773818969727
7.8807196617126465
6.96542501449585
11.157225608825684
10.186142921447754
11.334334373474121
7.457172870635986
8.573785781860352
10.694409370422363
10.452609062194824
8.597626686096191
8.394360542297363
10.521183967590332
7.1566162109375
6.703235626220703
7.715215682983398
9.874866485595703
10.673449516296387
7.882638454437256
9.265711784362793
7.100253105163574
3.506781816482544
8.974282264709473
9.696247100830078
8.222207069396973
9.806041717529297
7.426640033721924
10.801800727844238
9.734429359436035
10.497145652770996
9.137895584106445
8.003954887390137
6.602426052093506
10.703956604003906
6.143569469451904
7.35870885848999
8.611542701721191
9.731949806213379
7.99647331237793
8.58817195892334
9.132081985473633
7.46128511428833
10.527965545654297
6.807999134063721
8.628652572631836
8.348026275634766
9.372832298278809
8.75029468536377
7.084129333496094
8.739721298217773
8.148974418640137
11.189953804016113
10.903773307800293
7.866574287414551
8.946825981140137
7.21188497543335
7.834697246551514
7.514708042144775
5.522407531738281
9.16580581665039
9.998546600341797
9.565089225769043
9.123067855834961
8.63058090209961
11.145813941955566
8.403059959411621
10.389323234558105
9.800792694091797
10.968116760253906
8.39892292022705
8.313530921936035
6.668047904968262
9.925285339355469
8.887656211853027
11.27149772644043
11.064554214477539
9.966598510742188
11.979544639587402
6.483262062072754
8.500619888305664
9.77707290649414
10.370027542114258
8.654669761657715
9.593189239501953
7.718667030334473
8.530941009521484
7.9781317710876465
10.808049201965332
8.47195816040039
7.344479560852051
6.831676483154297
8.84969711303711
8.438417434692383
10.297544479370117
9.944446563720703
9.575277328491211
9.714560508728027
9.439812660217285
11.016596794128418
7.011730194091797
10.001087188720703
9.29257869720459
11.314754486083984
5.868719577789307
7.028564453125
8.63161849975586
8.54908561706543
6.086935520172119
6.333924770355225
10.054715156555176
11.371479034423828
9.751248359680176
9.766600608825684
7.646424293518066
8.464423179626465
8.892637252807617
11.669713973999023
10.314236640930176
8.904502868652344
10.702359199523926
9.119401931762695
10.632243156433105
7.968218803405762
10.570950508117676
9.521928787231445
8.817361831665039
9.198838233947754
6.990495681762695
10.142326354980469
6.122550010681152
5.493709564208984
9.775750160217285
10.731488227844238
8.16122055053711
10.414999008178711
9.387738227844238
8.857659339904785
9.57285213470459
11.89008617401123
7.716165542602539
8.074450492858887
11.999655723571777
9.454233169555664
7.559013843536377
10.233190536499023
10.291991233825684
9.3584623336792
7.682898998260498
9.351458549499512
6.647301197052002
10.133305549621582
10.280265808105469
8.040538787841797
9.850127220153809
8.382501602172852
8.679437637329102
7.981338024139404
10.003931045532227
8.750409126281738
11.31828784942627
7.9108123779296875
5.018482208251953
8.071048736572266
5.9769392013549805
8.22806453704834
7.4168701171875
10.096966743469238
8.038037300109863
7.12000036239624
10.51593017578125
6.90283727645874
10.081398963928223
8.737919807434082
7.7614030838012695
11.786256790161133
8.396661758422852
10.772424697875977
11.33088207244873
9.087506294250488
6.663081645965576
7.242879390716553
8.244163513183594
9.040628433227539
7.998052597045898
6.294713497161865
8.036479949951172
8.87695598602295
9.031291007995605
8.031087875366211
9.618891716003418
10.979540824890137
9.833758354187012
9.228825569152832
9.875014305114746
9.692764282226562
7.689269542694092
10.019495964050293
6.610326766967773
9.596226692199707
11.937088966369629
9.864775657653809
8.195161819458008
5.633915424346924
7.615486145019531
8.060691833496094
11.997873306274414
8.971090316772461
9.393731117248535
10.347589492797852
9.762104988098145
7.131595134735107
10.93574047088623
10.300594329833984
8.481398582458496
8.18686294555664
8.270334243774414
7.228714466094971
10.76335620880127
10.9293212890625
7.997072219848633
8.538387298583984
7.896503925323486
10.771829605102539
8.503409385681152
7.465084075927734
10.291109085083008
8.492923736572266
8.431059837341309
9.559794425964355
10.410330772399902
