5.352846622467041
3.962829351425171
6.058551788330078
4.154318332672119
3.839406728744507
4.783685207366943
4.327885627746582
4.022484302520752
3.983701705932617
6.353952884674072
3.8199381828308105
4.639286041259766
3.3765878677368164
4.634598731994629
3.9144060611724854
4.295579433441162
2.820957899093628
3.181011438369751
4.319746017456055
3.0601913928985596
5.086982250213623
4.963170528411865
5.6529130935668945
3.399770498275757
3.9166300296783447
4.441068172454834
4.460408687591553
2.6144211292266846
2.4018735885620117
3.796454429626465
3.544044256210327
3.5959222316741943
4.952702522277832
4.664290428161621
4.521933078765869
5.217120170593262
4.895523548126221
3.7769882678985596
3.991417407989502
3.97992205619812
4.303811073303223
4.323123931884766
3.825385093688965
4.764199256896973
4.769413471221924
2.2007110118865967
4.361416339874268
3.8384904861450195
3.657113552093506
4.12537956237793
4.648028373718262
2.2504236698150635
2.9354512691497803
5.125189781188965
3.876753807067871
4.473798751831055
3.1205453872680664
4.063187122344971
5.245635032653809
3.378800868988037
4.285722255706787
3.740276336669922
4.210450172424316
2.6110336780548096
4.413087844848633
5.612758636474609
4.998395919799805
5.722179412841797
4.275129318237305
5.569108963012695
5.605454444885254
4.050480842590332
4.415295600891113
5.330711841583252
4.332174777984619
2.542407274246216
4.282434940338135
5.093219757080078
3.2546708583831787
4.508938789367676
4.281195640563965
4.342520236968994
4.216853141784668
4.3904500007629395
5.257559299468994
3.2776737213134766
3.598141670227051
3.8087451457977295
4.210567951202393
5.959056377410889
4.419987201690674
2.7845418453216553
3.9899349212646484
5.036518573760986
3.5065035820007324
3.5899178981781006
4.32018518447876
5.551735877990723
4.693626880645752
4.732751369476318
4.032814025878906
4.819672584533691
3.778796434402466
2.7048676013946533
2.76035213470459
4.284116268157959
4.1782546043396
3.898759126663208
4.374385833740234
3.1251542568206787
4.792721271514893
3.9081811904907227
6.224860668182373
2.749189615249634
3.8162171840667725
3.8017261028289795
1.7632765769958496
4.005557060241699
4.141690731048584
3.9848861694335938
3.917574882507324
3.2464752197265625
4.0876851081848145
4.617367744445801
4.217897415161133
3.9752390384674072
2.9827942848205566
4.25947904586792
4.458348751068115
4.02009916305542
4.524095058441162
5.001589298248291
4.4703545570373535
1.4339593648910522
1.8185112476348877
1.8722450733184814
4.297259330749512
5.378061294555664
3.0059869289398193
3.1058692932128906
4.388016700744629
4.6990509033203125
4.911227226257324
3.494415760040283
3.9053597450256348
6.182672500610352
3.202078104019165
3.244964361190796
4.310269355773926
5.204361438751221
4.458581447601318
5.035171985626221
5.827901840209961
2.289525270462036
5.239853382110596
4.364112854003906
4.156525611877441
3.4872372150421143
2.8910253047943115
3.232602834701538
4.593472003936768
5.362881660461426
3.491856813430786
5.749942302703857
4.932727813720703
4.8947434425354
5.081185817718506
4.177146911621094
4.810429096221924
3.072425365447998
5.348037242889404
3.3963897228240967
4.006961345672607
5.12119197845459
4.758535861968994
3.3316762447357178
3.7896461486816406
3.0422680377960205
6.469948768615723
5.156673431396484
4.956414699554443
3.398277759552002
5.0521111488342285
3.385960817337036
5.008007049560547
5.760683536529541
4.823896884918213
4.67584753036499
4.078125476837158
5.036708354949951
5.8006110191345215
4.288618087768555
4.734947204589844
5.690823078155518
4.9360527992248535
2.669928550720215
3.7464499473571777
3.741652488708496
4.737695217132568
2.8406686782836914
3.080444097518921
4.991047382354736
4.367335319519043
5.100468635559082
5.2938666343688965
4.541980743408203
3.9893624782562256
6.945767402648926
5.162145137786865
4.66546630859375
4.976945877075195
4.629217624664307
4.1899309158325195
4.98494815826416
3.165592670440674
5.226491928100586
5.059382915496826
3.9288456439971924
4.819607734680176
3.9421989917755127
3.8282344341278076
3.4703080654144287
4.528278827667236
5.471783638000488
3.7633440494537354
3.915083885192871
3.7704012393951416
5.24756383895874
3.8016316890716553
4.835480690002441
4.640190601348877
5.033589839935303
4.904327869415283
6.338794708251953
4.449491500854492
4.118860721588135
3.853076219558716
3.9377100467681885
3.3025639057159424
4.472886085510254
5.419305324554443
4.640529632568359
3.9370036125183105
5.372155666351318
3.802578926086426
2.984219551086426
1.1959518194198608
4.414597034454346
4.312177658081055
5.472749710083008
4.607708930969238
2.8038480281829834
4.572347164154053
4.956331729888916
3.0226659774780273
4.751879692077637
3.0481412410736084
6.459386348724365
3.933212995529175
4.078409671783447
3.446950674057007
4.240509033203125
5.374443531036377
6.510885715484619
2.38016939163208
6.933112144470215
4.4315361976623535
4.138605117797852
3.8080217838287354
3.864926338195801
6.252150058746338
3.340420722961426
2.6786892414093018
2.760571241378784
3.6095798015594482
2.9492766857147217
4.689968585968018
3.2679316997528076
3.3711986541748047
5.474771499633789
3.8247714042663574
4.005572319030762
3.132687568664551
3.2272584438323975
4.9601521492004395
4.322066307067871
4.047842502593994
5.042862415313721
4.119596481323242
4.683649063110352
4.118620872497559
4.2495832443237305
3.633124351501465
4.695621013641357
2.7190287113189697
5.178248882293701
5.649518013000488
3.781431198120117
4.4077677726745605
2.8600003719329834
4.286329746246338
2.0726661682128906
2.392017364501953
2.309535264968872
4.999978542327881
4.084484577178955
4.715479373931885
2.6593265533447266
4.415628910064697
3.8541557788848877
1.8798222541809082
4.8361029624938965
4.357298374176025
4.422322750091553
4.442376613616943
3.8295419216156006
2.3402206897735596
5.145343780517578
1.8398950099945068
4.717861652374268
4.267152309417725
3.9714243412017822
3.8729028701782227
4.685931205749512
2.477336883544922
4.3565592765808105
5.570807456970215
1.7262704372406006
4.701944351196289
5.72068977355957
3.3726444244384766
3.5202784538269043
5.171802043914795
4.783088684082031
3.155561685562134
5.641265392303467
5.094109535217285
4.306761264801025
4.102255344390869
5.040485858917236
3.0900003910064697
5.151914119720459
4.664644718170166
4.893452167510986
4.114469051361084
5.474643230438232
4.107326984405518
4.147011756896973
4.196927070617676
5.584992408752441
3.487788200378418
5.710965156555176
5.329031467437744
4.303033351898193
3.1284804344177246
3.0535831451416016
5.832431316375732
4.323653221130371
4.11383581161499
4.221047401428223
3.224428653717041
4.072462558746338
4.050000190734863
5.018499374389648
2.6862876415252686
5.19674015045166
3.626044988632202
4.185051441192627
3.4099011421203613
4.607463836669922
5.144963264465332
5.1031012535095215
3.160590171813965
3.510695457458496
4.758882522583008
4.005890369415283
3.885004997253418
4.764380931854248
5.202810287475586
5.574479103088379
4.713608741760254
4.189404487609863
4.637181282043457
4.243391990661621
5.744015693664551
5.261860370635986
3.621898651123047
4.448054313659668
4.034453868865967
5.159404277801514
5.202932834625244
3.972186326980591
5.147420883178711
3.573371171951294
4.654902935028076
3.332300901412964
5.075022220611572
4.1301798820495605
0.29054269194602966
3.8239173889160156
5.677246570587158
5.695384979248047
4.168134689331055
4.641082286834717
4.101057052612305
4.580935955047607
4.5140886306762695
3.405299425125122
3.9270830154418945
5.624044418334961
2.9794697761535645
4.945394992828369
2.7991232872009277
4.406715393066406
1.6739935874938965
4.416113376617432
4.273716926574707
5.285695552825928
3.8696839809417725
2.5822339057922363
5.465379238128662
3.797398328781128
6.29535436630249
4.053314208984375
3.5953102111816406
4.431941986083984
3.5207488536834717
5.469518184661865
5.414863586425781
4.95296573638916
4.012529373168945
4.789556503295898
3.7014355659484863
3.736557722091675
4.532621383666992
5.828000545501709
4.862631320953369
3.983588457107544
5.0937700271606445
5.299636363983154
3.0160722732543945
4.6656317710876465
3.496593952178955
5.611546516418457
2.674497127532959
4.229729175567627
5.239260673522949
4.127758979797363
4.060371398925781
3.5205352306365967
5.14631462097168
4.948028087615967
3.9517457485198975
3.588514804840088
5.191788673400879
4.516836643218994
3.9835360050201416
5.319121360778809
2.5289909839630127
5.054293155670166
4.399835109710693
3.791264772415161
4.933986186981201
5.224058151245117
4.607975959777832
3.682408571243286
5.558399200439453
5.647415637969971
4.677832126617432
3.811929225921631
4.931949138641357
4.303634166717529
3.977116346359253
3.767465829849243
4.187336444854736
4.042998313903809
5.187353134155273
4.059173107147217
4.034327983856201
2.7881510257720947
4.272595405578613
4.211612224578857
2.9396679401397705
4.31461763381958
3.2577013969421387
3.0868945121765137
5.358558654785156
5.143258571624756
1.4184058904647827
2.8488821983337402
3.4467175006866455
4.697648048400879
5.601208686828613
3.2185614109039307
3.2300477027893066
4.168774127960205
3.108638286590576
4.068414211273193
3.1219358444213867
4.089825630187988
