2.4024057388305664
3.6457667350769043
0.3433591425418854
3.799530029296875
2.823838710784912
3.8567306995391846
2.6417810916900635
3.4723262786865234
3.8079614639282227
3.903069019317627
3.1864023208618164
3.6537110805511475
2.9440112113952637
2.5096805095672607
5.032194137573242
3.268075466156006
3.7951784133911133
3.874814987182617
2.0370326042175293
1.7882450819015503
2.850153923034668
3.110140800476074
4.9658026695251465
1.4554407596588135
5.476816654205322
2.55849289894104
4.224010944366455
4.060704708099365
4.348089694976807
2.3122875690460205
1.8770359754562378
2.972414970397949
1.0084574222564697
4.142299652099609
3.24729061126709
4.288268566131592
3.967693328857422
3.2045938968658447
4.672030448913574
3.8864080905914307
5.380522727966309
3.7482361793518066
3.757321357727051
3.009538173675537
2.9396045207977295
3.11965274810791
3.4775562286376953
3.6245226860046387
4.154316425323486
3.5795938968658447
3.6348114013671875
2.299931287765503
4.99931526184082
3.64737606048584
3.572997808456421
5.254204273223877
1.8643521070480347
4.587928295135498
4.118981838226318
3.417757749557495
3.556276559829712
3.5112855434417725
5.096925735473633
3.8173556327819824
4.518318176269531
2.8192741870880127
3.578490972518921
3.847029685974121
4.1093034744262695
3.873103141784668
3.798976421356201
4.744311809539795
4.524929523468018
4.88740348815918
4.538778781890869
6.557997226715088
1.6237189769744873
2.607496500015259
4.953415870666504
4.028893947601318
4.890189170837402
3.439755916595459
3.770770311355591
4.006041049957275
4.274911880493164
3.856842041015625
3.0671095848083496
5.105835437774658
1.3032134771347046
3.533900737762451
4.098212242126465
4.77937650680542
6.470803737640381
4.962249279022217
3.4668445587158203
4.2092485427856445
4.386322975158691
5.099549770355225
4.678460597991943
3.72139573097229
3.7071681022644043
4.775899410247803
4.893953800201416
-0.06534353643655777
4.4748430252075195
3.482266426086426
4.113776206970215
5.18674898147583
3.5639119148254395
3.1010422706604004
4.187022686004639
3.6472432613372803
2.2287750244140625
5.530909061431885
4.647106170654297
3.8486435413360596
4.42390775680542
1.914171576499939
3.7957756519317627
6.377171516418457
4.013245105743408
2.6568074226379395
3.959113836288452
2.106393575668335
3.6081461906433105
4.016233921051025
4.273354530334473
3.1329338550567627
4.054199695587158
1.0754587650299072
3.9363672733306885
4.318318843841553
5.804802417755127
5.7147626876831055
3.1838786602020264
3.9235336780548096
6.291821479797363
4.592401027679443
1.9317594766616821
2.978187322616577
5.977363586425781
3.8009157180786133
4.7604475021362305
3.879209041595459
3.2285585403442383
2.9533228874206543
3.865509033203125
4.296666145324707
3.1619062423706055
5.714344024658203
5.162600040435791
1.7705270051956177
3.1273818016052246
2.7617204189300537
2.9111781120300293
3.7319653034210205
4.056385517120361
2.050539493560791
4.459072589874268
3.5786707401275635
1.4242877960205078
2.7830498218536377
3.0130412578582764
3.5131006240844727
2.249887704849243
1.6406313180923462
4.733306407928467
6.173422813415527
4.711638927459717
3.5380120277404785
3.5021555423736572
5.462249755859375
2.543806314468384
3.82995867729187
3.6442041397094727
3.405932664871216
4.991950988769531
3.446694850921631
4.227127552032471
1.0704431533813477
4.179370403289795
4.012325763702393
4.507609844207764
6.944438457489014
3.4696009159088135
4.33017110824585
4.3696722984313965
2.4042322635650635
3.2262489795684814
4.6221513748168945
2.581037759780884
2.9766366481781006
4.757080554962158
3.8332834243774414
3.7888689041137695
2.3839542865753174
3.8340327739715576
3.510999917984009
1.6228339672088623
4.209925174713135
1.7362929582595825
1.808537244796753
4.006258010864258
4.4742231369018555
3.994755983352661
6.160439491271973
3.9849495887756348
4.071861267089844
3.1392202377319336
2.506314516067505
2.8585031032562256
3.622286796569824
4.519994735717773
4.0511322021484375
3.1148784160614014
4.0918779373168945
2.192089796066284
1.7874130010604858
4.231461048126221
3.569979667663574
1.5911383628845215
4.438281536102295
3.965620279312134
2.047653913497925
4.35731315612793
1.6749356985092163
3.0353732109069824
4.6293182373046875
2.574493885040283
4.231985569000244
3.297206163406372
4.006293296813965
3.2382283210754395
2.0167996883392334
2.979767322540283
2.901035785675049
1.4741181135177612
4.285029888153076
4.079228401184082
4.361904621124268
5.006931781768799
4.9666428565979
3.4619410037994385
2.370187282562256
2.5326120853424072
4.3665571212768555
4.182227611541748
4.128600120544434
6.020808696746826
4.933749198913574
3.0913805961608887
3.4219613075256348
2.1354405879974365
3.1786625385284424
3.0571460723876953
3.351787567138672
2.192533493041992
5.4168572425842285
3.014840602874756
3.62699556350708
6.529825210571289
4.76041841506958
2.6126344203948975
2.97580623626709
4.226807594299316
3.779029130935669
2.378427505493164
2.346832513809204
2.96095609664917
2.871642589569092
2.289047956466675
4.063039779663086
3.856818914413452
4.998395919799805
3.229360342025757
3.0088558197021484
4.156745910644531
4.140628814697266
3.587106227874756
5.781703472137451
4.146675109863281
4.507735252380371
4.392016887664795
3.8143486976623535
3.227532148361206
2.5639050006866455
4.165757656097412
2.4807252883911133
5.7728424072265625
4.898675441741943
3.033066511154175
5.2899861335754395
4.538915157318115
3.877330780029297
3.5985779762268066
2.0732266902923584
5.975212574005127
6.675493240356445
4.156470775604248
2.1815571784973145
3.431469440460205
3.3276400566101074
3.9361581802368164
3.5758233070373535
4.193116664886475
2.636807918548584
3.447474479675293
3.369056463241577
3.2755675315856934
2.0334441661834717
2.853281021118164
3.5546135902404785
3.109196662902832
2.9766745567321777
4.230504035949707
2.864396810531616
3.971565008163452
5.076428413391113
3.176450490951538
6.50148344039917
1.9810693264007568
2.3029708862304688
3.7137224674224854
3.2186784744262695
1.9625736474990845
4.754243850708008
3.261213779449463
2.374964714050293
4.128620624542236
3.6170849800109863
4.256537437438965
2.5346789360046387
3.1461968421936035
3.2390434741973877
3.0291614532470703
2.6790201663970947
4.281187534332275
3.025177001953125
3.8702006340026855
4.028724670410156
2.8933117389678955
4.819216251373291
2.602074146270752
2.236599922180176
3.0759518146514893
4.160740852355957
3.300954580307007
2.676781415939331
5.10965633392334
4.136237144470215
3.146800994873047
2.9178104400634766
3.054945707321167
3.9209749698638916
2.90289568901062
3.970409870147705
3.5748064517974854
1.576627492904663
4.859476089477539
2.705869436264038
4.247004985809326
3.7046380043029785
5.708027362823486
4.112705230712891
2.7442972660064697
5.06986665725708
3.6256937980651855
2.992950677871704
3.6700432300567627
4.085121154785156
2.502377510070801
4.7608137130737305
3.10170578956604
2.197849750518799
2.086061477661133
2.665933609008789
2.723797559738159
4.0871710777282715
3.0988285541534424
4.859201908111572
2.89418363571167
4.304811477661133
4.5976057052612305
1.6047577857971191
4.3047308921813965
4.164960861206055
5.293128490447998
1.8380001783370972
4.609560966491699
2.4443891048431396
3.5992746353149414
3.343740701675415
2.922091245651245
2.9369211196899414
3.0352602005004883
3.2418415546417236
3.9136080741882324
2.1462717056274414
3.5797340869903564
4.014959335327148
3.5631251335144043
2.6576011180877686
3.0607781410217285
3.25346040725708
3.2419610023498535
1.7099553346633911
2.250208616256714
4.498791694641113
4.503008842468262
4.789017677307129
4.7950825691223145
1.491702675819397
3.04251766204834
3.126075506210327
3.9900457859039307
4.438703536987305
5.196098327636719
3.33882737159729
4.422676086425781
2.7007980346679688
4.146656036376953
3.658903121948242
4.911831855773926
3.7095751762390137
2.842357635498047
4.234780788421631
3.4342172145843506
3.025158405303955
3.1926660537719727
3.2713582515716553
4.884408473968506
2.6651575565338135
3.5404481887817383
2.152998447418213
1.2831581830978394
2.930229902267456
3.2080345153808594
4.355180740356445
1.7626745700836182
3.760596513748169
4.591093063354492
3.7453393936157227
3.5867505073547363
3.858347177505493
2.598799705505371
3.3927886486053467
4.457531929016113
5.16645622253418
4.08005952835083
3.307302236557007
2.1059606075286865
4.408217906951904
4.965964317321777
0.42542052268981934
4.190274238586426
5.20075798034668
4.154163360595703
4.126074314117432
5.890680313110352
2.640557050704956
3.7983384132385254
2.528286933898926
2.677978515625
2.4311153888702393
1.933469295501709
4.221627712249756
3.9677958488464355
1.4868652820587158
2.8462371826171875
3.972015142440796
3.2653987407684326
3.4241650104522705
3.7173006534576416
3.9078166484832764
4.576770305633545
3.9217689037323
6.058490753173828
4.688380718231201
3.6520938873291016
3.589268922805786
4.118132591247559
3.2313027381896973
3.979560613632202
3.839384078979492
3.4502511024475098
3.048316717147827
4.462551593780518
3.4957399368286133
3.65460205078125
4.707632064819336
3.6387813091278076
4.751949310302734
3.6716198921203613
4.11798095703125
4.142377853393555
4.73653507232666
3.789940595626831
3.7682418823242188
2.4262123107910156
3.835465908050537
