3.9770374298095703
5.243804454803467
5.0486016273498535
5.660251617431641
4.429577350616455
4.5127997398376465
3.533959150314331
4.092130184173584
3.763478994369507
4.715402603149414
3.5013587474823
6.100142478942871
6.626324653625488
2.8577072620391846
2.5523266792297363
5.968381881713867
4.122142791748047
3.8383724689483643
4.911275863647461
3.6746604442596436
3.6816911697387695
5.646215438842773
4.48738431930542
2.787900924682617
3.808729410171509
4.016369819641113
4.884638786315918
3.7164363861083984
3.271918296813965
3.5181331634521484
4.576745510101318
4.178063869476318
3.618967294692993
5.3334431648254395
5.111922740936279
3.288111448287964
4.027927398681641
3.1576807498931885
4.992383003234863
5.308359146118164
3.520536422729492
3.808988571166992
4.40061616897583
5.405930519104004
4.270511150360107
5.700162887573242
3.513075828552246
4.847133159637451
5.822072982788086
5.137454032897949
4.499271869659424
4.556066036224365
4.808915138244629
5.531693458557129
5.1728410720825195
3.9643473625183105
2.4831058979034424
4.6047587394714355
4.890978813171387
4.817028045654297
3.993335485458374
5.177204132080078
4.820083141326904
7.345345973968506
4.212362289428711
5.242406368255615
4.452923774719238
4.312840938568115
5.135397434234619
5.213840484619141
3.85420823097229
3.4820549488067627
3.3363029956817627
3.9182968139648438
5.172590255737305
5.830166339874268
5.053603649139404
3.640066385269165
4.239770412445068
3.9640979766845703
4.616400718688965
5.064363956451416
3.4516496658325195
3.8143868446350098
4.986422061920166
4.018123626708984
5.111727714538574
5.149471282958984
4.202078342437744
5.328180313110352
2.6363680362701416
4.449370861053467
4.775153160095215
3.336212396621704
5.157831192016602
4.058976173400879
3.7173995971679688
3.6928696632385254
3.438713788986206
4.267651557922363
4.629801273345947
4.943818092346191
4.075015068054199
4.126595497131348
3.870743989944458
3.8095650672912598
3.853860855102539
3.7481894493103027
6.208504676818848
2.8908886909484863
3.1356866359710693
5.093438148498535
3.9432318210601807
5.053811550140381
2.3550162315368652
3.722235918045044
4.505304336547852
4.19627046585083
3.3475115299224854
4.87976598739624
3.923100709915161
2.131442070007324
4.2196431159973145
4.259932994842529
5.6655755043029785
3.9436447620391846
3.397919178009033
3.6645379066467285
5.193253517150879
4.32841157913208
4.650178909301758
4.603076934814453
2.8645684719085693
4.647037982940674
3.058436870574951
4.4541425704956055
4.802137851715088
4.978845119476318
4.252218723297119
5.644344329833984
4.077186107635498
2.747119426727295
5.759653568267822
3.5485141277313232
4.847160816192627
3.78230357170105
5.038636207580566
4.710174083709717
6.012040138244629
4.145596981048584
4.2146315574646
3.012122392654419
3.170468807220459
4.081690788269043
3.852379322052002
3.9523792266845703
4.678076267242432
4.473959922790527
2.749772310256958
2.3056161403656006
3.7854464054107666
4.35896110534668
4.517862319946289
3.450590133666992
3.8611183166503906
4.988059997558594
5.549187183380127
4.693543910980225
4.960010528564453
3.3704402446746826
4.061077117919922
3.230211019515991
2.3913605213165283
3.895864248275757
1.5413296222686768
1.767796277999878
3.422966718673706
4.262476444244385
2.8875203132629395
4.787414073944092
4.20173454284668
4.222240924835205
4.378734588623047
3.567312002182007
4.332789421081543
4.406020641326904
3.66754412651062
3.4974749088287354
4.643030643463135
4.778932571411133
4.367929458618164
7.720596790313721
5.445461273193359
3.2415850162506104
5.037906169891357
4.471022129058838
3.9333064556121826
4.246663570404053
3.809760808944702
3.442950487136841
4.379952907562256
5.349855422973633
4.803333282470703
5.563238143920898
6.417319297790527
2.9238123893737793
4.654277801513672
5.149679660797119
3.9731125831604004
4.351583003997803
3.4642724990844727
4.775270462036133
4.696620941162109
4.485313415527344
4.4658002853393555
2.8888087272644043
5.192185401916504
5.369423866271973
5.279539585113525
5.377204895019531
4.484099864959717
3.57797908782959
3.0783467292785645
5.9377875328063965
5.365201473236084
3.8309059143066406
3.948184013366699
5.088037967681885
4.945688724517822
4.778408527374268
5.461880207061768
4.887365818023682
3.2269327640533447
4.607297420501709
2.261023759841919
3.6481406688690186
4.3327531814575195
6.776715278625488
4.365108489990234
3.5474894046783447
4.469195365905762
4.883090972900391
2.9785330295562744
4.741338729858398
3.850435495376587
3.3810174465179443
4.810307025909424
4.547784328460693
3.4934024810791016
3.3726112842559814
4.043244361877441
3.667412281036377
3.3327555656433105
4.235291957855225
4.915898323059082
4.914200305938721
3.386326551437378
3.29375958442688
5.006701946258545
5.359414100646973
5.098697185516357
4.135630130767822
4.437424659729004
3.826754331588745
4.435469150543213
5.667266368865967
4.015995502471924
6.311426639556885
3.34183406829834
2.2423343658447266
4.530851364135742
2.6276280879974365
5.013168811798096
3.865489959716797
3.824049472808838
4.458068370819092
4.316441535949707
4.468074798583984
5.123470783233643
3.72218918800354
4.493773460388184
4.814459323883057
4.007824420928955
4.754812717437744
4.728887557983398
3.554476737976074
2.8055639266967773
5.944581031799316
4.000349044799805
3.7441391944885254
4.314051151275635
0.9601186513900757
3.0655667781829834
4.046011447906494
4.479246616363525
5.266817569732666
4.578712463378906
2.895514726638794
3.6655771732330322
4.983254909515381
4.301658630371094
3.8893890380859375
6.429279804229736
4.4734907150268555
4.735222339630127
2.752654790878296
3.845506191253662
3.9002251625061035
4.979515075683594
5.4849700927734375
3.2057077884674072
4.923301696777344
4.453800678253174
3.9884729385375977
4.926022052764893
3.9781572818756104
5.13541841506958
4.013943195343018
4.0018415451049805
4.867292404174805
5.713217735290527
4.494317054748535
4.906887531280518
3.1167526245117188
3.7057313919067383
2.6033899784088135
2.57684588432312
3.3146095275878906
3.946986675262451
4.594032287597656
5.340639114379883
3.776958465576172
5.934332847595215
4.2879438400268555
4.030319690704346
3.6493401527404785
4.035895347595215
5.404658317565918
5.1678996086120605
4.637389659881592
4.142048358917236
4.918318748474121
5.464919567108154
5.009527206420898
3.6823861598968506
4.686589241027832
5.113482475280762
4.13144588470459
5.466518878936768
4.314814567565918
4.680763244628906
3.5980515480041504
2.1253464221954346
3.5182626247406006
5.873894214630127
3.5647225379943848
4.2287445068359375
5.316551208496094
3.516524314880371
4.212600231170654
3.9527931213378906
3.8218002319335938
4.675583839416504
3.649430751800537
5.209639072418213
5.448286056518555
4.436009407043457
3.708167314529419
4.63421630859375
3.6502327919006348
2.975794792175293
4.359143257141113
4.293010711669922
5.364582538604736
3.1844193935394287
3.198758125305176
4.016946792602539
3.7535030841827393
4.453464031219482
4.613851070404053
2.782785415649414
3.2561683654785156
4.843454837799072
3.6017627716064453
2.96567440032959
5.060967922210693
4.55831241607666
5.427911281585693
2.8827457427978516
3.6261940002441406
5.988297462463379
4.1378703117370605
4.4753217697143555
5.763211250305176
3.6804473400115967
5.043914318084717
4.370069980621338
2.822054862976074
3.897202968597412
1.447973608970642
3.862940788269043
3.177968740463257
3.8564202785491943
2.101792335510254
3.3485774993896484
4.407902717590332
4.232150077819824
3.4841439723968506
4.564449787139893
3.7959868907928467
3.2882182598114014
4.3584771156311035
6.621870517730713
4.359080791473389
2.9790332317352295
3.8328304290771484
3.6223268508911133
4.556528091430664
5.2649006843566895
2.6091110706329346
2.2373244762420654
4.611591815948486
3.0770680904388428
4.9284844398498535
3.410165786743164
2.9988884925842285
4.367248058319092
4.92858362197876
2.3477120399475098
3.8677592277526855
4.999017238616943
5.104709148406982
5.106800556182861
6.023983478546143
5.529677391052246
3.283731460571289
4.887287139892578
3.569338798522949
4.201136112213135
3.3364369869232178
3.5755462646484375
4.701661109924316
3.22979736328125
3.767731189727783
4.829450607299805
4.6595988273620605
4.686851501464844
4.364751815795898
4.095315933227539
6.603328704833984
2.8878557682037354
3.4574928283691406
4.482481479644775
6.143400192260742
5.146136283874512
3.4536423683166504
3.0666844844818115
5.9355268478393555
4.4947662353515625
5.4038472175598145
3.4133799076080322
5.675580978393555
4.634544849395752
5.313721656799316
3.9065065383911133
3.9346535205841064
2.977771759033203
4.460507869720459
2.595156192779541
5.150531768798828
5.795498371124268
4.928114414215088
4.518654823303223
4.217408180236816
2.902402877807617
3.9849252700805664
5.530747890472412
5.503711223602295
4.021228790283203
4.663617134094238
3.9126434326171875
4.3231916427612305
4.354153633117676
5.503509044647217
3.6933212280273438
2.1810359954833984
4.324337005615234
3.8696651458740234
3.487514019012451
4.573819637298584
3.593435525894165
4.079653263092041
5.040942668914795
5.066113471984863
4.188069820404053
4.616788387298584
4.863205909729004
4.700716018676758
4.723818302154541
4.434490203857422
