4.611891269683838
5.272590160369873
5.409287452697754
3.4713664054870605
3.5425164699554443
3.513167381286621
3.5219662189483643
4.2587361335754395
4.134843349456787
5.474743366241455
3.05120849609375
3.92874813079834
4.19845724105835
4.8305745124816895
4.1013898849487305
4.174350738525391
2.936436891555786
3.8631300926208496
4.259809494018555
3.6962239742279053
3.6291768550872803
4.3196635246276855
4.728551864624023
2.8295674324035645
3.912904977798462
4.093937873840332
3.994067430496216
3.3562848567962646
2.7454779148101807
3.730578660964966
3.8803048133850098
3.121159791946411
5.088061332702637
5.08984899520874
3.741013288497925
5.567217826843262
4.854068279266357
3.7039706707000732
4.08752965927124
3.9799158573150635
4.045792102813721
4.135249137878418
3.7654314041137695
4.651952743530273
4.359500408172607
3.490058183670044
4.466541290283203
3.8661584854125977
4.033310413360596
4.0126142501831055
3.2355809211730957
2.1113054752349854
3.288825035095215
4.140658855438232
4.029751777648926
5.636605739593506
3.317490816116333
3.5555152893066406
3.9574170112609863
2.822329044342041
4.190885543823242
3.97247314453125
3.58494234085083
2.682027578353882
4.10786771774292
4.194562911987305
4.524055004119873
5.6496477127075195
3.6008973121643066
6.050815582275391
4.804529666900635
3.459538698196411
3.5729029178619385
5.912687301635742
4.299015998840332
2.1522226333618164
3.082566738128662
4.2473464012146
3.724189043045044
4.151560306549072
4.798251628875732
4.645092964172363
3.7466440200805664
5.215198516845703
5.329041957855225
2.1211044788360596
3.947432518005371
3.5973968505859375
3.1852211952209473
6.2162580490112305
3.7697205543518066
1.9737073183059692
3.5803377628326416
4.455749034881592
3.6024057865142822
3.855496406555176
3.979633092880249
4.290017127990723
4.873494625091553
4.6375532150268555
4.324310302734375
5.061533451080322
2.949629068374634
3.640230417251587
3.3928234577178955
4.50074577331543
3.586486577987671
3.533942937850952
3.0054397583007812
2.852433681488037
5.011989116668701
2.9658403396606445
6.061880111694336
3.725419521331787
3.4741122722625732
3.51749324798584
3.1119163036346436
3.1741716861724854
4.434736251831055
3.9070496559143066
3.4274349212646484
3.769935369491577
4.410085678100586
4.230566501617432
4.385511875152588
3.9594109058380127
3.258634328842163
4.634851932525635
3.543128252029419
4.28065299987793
4.249100208282471
4.643975257873535
4.523254871368408
2.3536248207092285
2.2553696632385254
2.486788034439087
4.316469192504883
4.8493499755859375
3.4743385314941406
3.648033857345581
3.301281452178955
4.954995155334473
4.109884738922119
2.947237014770508
3.5772359371185303
5.749292850494385
2.6308724880218506
2.7595057487487793
4.741135597229004
4.942731857299805
4.592252731323242
5.48749303817749
4.60676908493042
2.8040852546691895
4.450615406036377
3.758835554122925
4.143187999725342
3.656050682067871
3.2497782707214355
2.8942103385925293
4.644194602966309
5.22662878036499
3.7007715702056885
4.768407344818115
4.97190523147583
4.818123817443848
5.200585842132568
4.0463762283325195
4.37532901763916
2.832761287689209
5.156038761138916
4.0721917152404785
3.688215732574463
5.733062267303467
5.2236480712890625
3.6339235305786133
3.473794937133789
3.4453883171081543
6.904923439025879
4.335393905639648
4.274873733520508
3.929231882095337
4.189373970031738
4.164724349975586
4.282491207122803
5.216462135314941
5.403710842132568
4.394367694854736
3.4266550540924072
4.596384525299072
4.435542106628418
4.252105236053467
4.736712455749512
5.248446941375732
4.44840669631958
2.7209205627441406
4.012153625488281
3.9088618755340576
4.499131202697754
2.7958924770355225
4.050348281860352
4.425062656402588
4.63121223449707
4.483740329742432
5.3404364585876465
4.432699680328369
2.9668056964874268
6.412558078765869
4.732321262359619
4.4615373611450195
3.752784013748169
4.673386573791504
4.543758869171143
4.213062286376953
3.5998077392578125
4.865696430206299
4.616390228271484
3.9072039127349854
3.6721086502075195
3.2948482036590576
3.9917640686035156
3.051757574081421
4.722750186920166
5.288619041442871
3.2037017345428467
4.007606506347656
4.321633338928223
4.883871555328369
4.629408359527588
5.8654890060424805
4.767715930938721
5.0142083168029785
4.606046199798584
4.6376633644104
4.390388488769531
3.985222339630127
3.3630335330963135
3.2102534770965576
3.6419718265533447
5.561283588409424
4.756426811218262
4.535711765289307
3.0493509769439697
4.496456623077393
4.35075569152832
2.7980456352233887
1.4457874298095703
4.054811477661133
4.043124198913574
4.661821365356445
4.377945899963379
3.312821388244629
4.229093074798584
3.774695634841919
3.1962082386016846
4.403958320617676
3.88712215423584
6.838032245635986
3.3802719116210938
3.7841951847076416
3.764287233352661
3.6250362396240234
5.187161445617676
5.0903801918029785
3.0610544681549072
5.9919047355651855
3.7580127716064453
3.481502056121826
3.3420865535736084
3.7478699684143066
5.155855178833008
4.006450653076172
3.4657561779022217
2.8693277835845947
3.252629280090332
4.633686542510986
4.989347457885742
2.6008353233337402
2.9008371829986572
4.928487300872803
3.7777059078216553
4.425293922424316
2.4697442054748535
4.08090353012085
4.395713806152344
3.7472856044769287
3.8977251052856445
4.806266784667969
3.649513006210327
4.302059650421143
4.301240921020508
3.6284122467041016
3.382472276687622
5.629924297332764
3.381829023361206
5.094963550567627
6.262351036071777
3.784205436706543
4.526010990142822
2.650718927383423
3.7015435695648193
1.7454134225845337
2.437631607055664
2.5406808853149414
5.504966735839844
4.441431522369385
4.204894542694092
3.444829225540161
4.2857794761657715
3.7881052494049072
1.535614013671875
4.869466304779053
3.967700719833374
4.308576583862305
4.886448860168457
3.385777235031128
2.1287174224853516
4.6187591552734375
2.9067485332489014
5.052095890045166
4.775765419006348
4.382961750030518
3.5225327014923096
4.213838577270508
2.21994686126709
4.76933479309082
4.6029133796691895
2.0981221199035645
4.76251745223999
4.026455879211426
2.58651065826416
3.8997530937194824
4.242788314819336
4.476298809051514
4.111105918884277
4.79833984375
5.31298828125
4.353797912597656
3.256688356399536
4.504791736602783
3.1477582454681396
5.743830680847168
3.817284345626831
4.063119411468506
5.769220352172852
4.70982027053833
4.513383865356445
4.045794486999512
3.538851737976074
4.933414936065674
3.322324752807617
5.4568986892700195
4.497504234313965
4.93290376663208
2.653388738632202
3.236161470413208
4.684914588928223
4.665940761566162
3.5271639823913574
3.9913339614868164
2.975581645965576
4.038846015930176
4.297733783721924
4.138851165771484
3.051100969314575
4.891313076019287
2.144852638244629
3.994173765182495
3.164533853530884
4.039270877838135
4.993559837341309
4.523448467254639
2.3685038089752197
3.320875406265259
4.073318958282471
4.241009712219238
4.307241439819336
5.251709938049316
4.766108512878418
5.088202476501465
5.496729373931885
5.089578628540039
4.282504558563232
3.789743661880493
4.640438556671143
5.003840923309326
3.376319646835327
3.647390127182007
4.125960826873779
5.282764434814453
5.224206447601318
3.6824028491973877
5.42476749420166
3.5256869792938232
4.47962760925293
3.7728354930877686
3.9251291751861572
4.444363117218018
1.1291687488555908
4.117349147796631
4.745699405670166
5.656056880950928
4.971521854400635
5.0721940994262695
3.8791611194610596
4.026500701904297
3.500678062438965
3.1772477626800537
4.1457600593566895
5.111549377441406
2.758467435836792
6.386068820953369
2.8294272422790527
4.221670627593994
3.2012112140655518
4.17011833190918
4.2036051750183105
4.680327892303467
4.378820896148682
3.2359619140625
4.773079872131348
3.521036148071289
6.021182537078857
3.818405866622925
3.7109222412109375
4.221039295196533
2.8563168048858643
4.9139485359191895
5.205333232879639
4.1239118576049805
4.194777011871338
4.286722660064697
3.2776095867156982
4.302486419677734
4.963444232940674
4.917612552642822
5.487826824188232
5.524924278259277
4.603194236755371
4.967208385467529
3.941169023513794
4.020563125610352
3.610384225845337
5.009864807128906
3.5079708099365234
3.3951616287231445
4.750809669494629
3.591416120529175
3.8141822814941406
2.5161166191101074
4.150506973266602
4.441139221191406
3.891726493835449
3.4653306007385254
4.9847869873046875
3.9875447750091553
3.2660465240478516
4.749821186065674
3.210831880569458
4.880819320678711
4.001716613769531
4.772781848907471
4.519436836242676
4.819334983825684
4.858463764190674
3.315013885498047
5.373906135559082
5.319462776184082
4.239007949829102
3.678356647491455
4.243653774261475
5.139542102813721
3.9592490196228027
2.7425737380981445
4.29111909866333
4.090633869171143
4.714175701141357
3.4060189723968506
3.4235379695892334
2.91365647315979
3.3998117446899414
4.071437358856201
2.697161912918091
3.5128254890441895
3.493597984313965
3.4258782863616943
4.958427906036377
5.563261032104492
2.553814649581909
3.8161263465881348
3.137521505355835
4.514675617218018
4.35653829574585
2.979835271835327
3.407355546951294
4.913002967834473
3.8613228797912598
4.052449703216553
4.674682140350342
5.3596296310424805
