10.383218765258789
9.956680297851562
9.816495895385742
9.652210235595703
8.98918342590332
10.230563163757324
10.328795433044434
9.343034744262695
10.593854904174805
9.331372261047363
9.423091888427734
10.402566909790039
7.596707344055176
8.071148872375488
9.265338897705078
11.322675704956055
8.453622817993164
7.756910800933838
9.232210159301758
8.78721809387207
11.306856155395508
10.236377716064453
9.977418899536133
9.37088394165039
10.416614532470703
9.914926528930664
8.157716751098633
7.51876163482666
9.155011177062988
10.115777015686035
8.273104667663574
9.46829605102539
10.806231498718262
7.730638027191162
9.911373138427734
9.591595649719238
8.832924842834473
7.551455497741699
9.48944091796875
9.82988166809082
10.303627014160156
9.650952339172363
9.793876647949219
8.848786354064941
10.5259428024292
8.774349212646484
9.304935455322266
7.873022556304932
9.497486114501953
9.119107246398926
10.085322380065918
8.074694633483887
8.421326637268066
10.832098007202148
8.200489044189453
8.176852226257324
8.674790382385254
10.500947952270508
10.618828773498535
9.897765159606934
10.159395217895508
9.16985034942627
9.726377487182617
8.311888694763184
10.643126487731934
10.183402061462402
10.380391120910645
10.477322578430176
10.302282333374023
8.211647033691406
10.702126502990723
10.193004608154297
10.779518127441406
8.727770805358887
8.995681762695312
9.4408597946167
9.996051788330078
11.120121002197266
7.41272497177124
10.438416481018066
9.042329788208008
9.644051551818848
9.57603931427002
9.386344909667969
9.454666137695312
8.811628341674805
8.47211742401123
9.181258201599121
10.500665664672852
8.238451957702637
11.041830062866211
8.816604614257812
9.530840873718262
10.508376121520996
9.621367454528809
8.857278823852539
9.10843563079834
10.556766510009766
9.503302574157715
8.268128395080566
9.478612899780273
10.533049583435059
10.795845031738281
8.522130012512207
8.796419143676758
7.559031963348389
10.160134315490723
9.627440452575684
10.864632606506348
8.07394027709961
9.691922187805176
10.919449806213379
11.37281322479248
8.141389846801758
9.999781608581543
8.765029907226562
8.89243221282959
9.817886352539062
11.103621482849121
8.785807609558105
9.670209884643555
6.516770839691162
9.367067337036133
9.510974884033203
10.07139778137207
9.223833084106445
10.608552932739258
10.170476913452148
9.97862720489502
9.74555492401123
10.529484748840332
9.836459159851074
10.501248359680176
5.644537925720215
7.570454120635986
6.190771579742432
10.81221866607666
9.99093246459961
9.544450759887695
11.26520824432373
9.497018814086914
9.249536514282227
10.411250114440918
10.144085884094238
8.997336387634277
9.552584648132324
8.056891441345215
9.898305892944336
9.217514991760254
10.293417930603027
9.807191848754883
10.723337173461914
9.831570625305176
8.467178344726562
10.286192893981934
9.69357967376709
9.80828857421875
9.072863578796387
10.501136779785156
8.508027076721191
9.34725570678711
9.335809707641602
10.279180526733398
10.021923065185547
9.996834754943848
9.618644714355469
10.812844276428223
11.045010566711426
10.258875846862793
8.713655471801758
9.567448616027832
9.683276176452637
10.52456283569336
9.74742603302002
9.762919425964355
10.248817443847656
10.25221061706543
10.367173194885254
10.475516319274902
10.621928215026855
10.599003791809082
9.779534339904785
9.833951950073242
7.981212139129639
10.119911193847656
11.046266555786133
10.606958389282227
10.182143211364746
9.74558162689209
10.917047500610352
11.28097915649414
10.312376976013184
9.28893756866455
11.158924102783203
10.250543594360352
9.261250495910645
9.022024154663086
10.118965148925781
10.641100883483887
8.46632194519043
10.039977073669434
11.161478042602539
9.404263496398926
10.589728355407715
9.565156936645508
10.102054595947266
10.291441917419434
7.8823089599609375
10.245366096496582
8.527626991271973
10.923274993896484
9.362956047058105
9.746587753295898
11.049263954162598
9.768204689025879
10.104823112487793
11.491482734680176
9.21941089630127
10.493180274963379
9.229318618774414
8.54915714263916
8.331656455993652
9.370854377746582
10.591217041015625
10.18120288848877
9.974855422973633
8.12888240814209
8.427584648132324
8.36054515838623
9.388867378234863
9.420016288757324
10.006601333618164
11.043964385986328
10.932083129882812
9.825881958007812
10.502544403076172
10.499629020690918
9.956390380859375
9.47850227355957
9.732492446899414
10.435646057128906
10.75582218170166
8.456363677978516
11.305562973022461
9.150632858276367
9.785881042480469
7.347075462341309
10.513259887695312
10.752389907836914
9.848305702209473
9.603697776794434
7.8104023933410645
10.035537719726562
10.685542106628418
9.250720024108887
10.73949909210205
7.917928218841553
9.822369575500488
10.395254135131836
9.769360542297363
9.396255493164062
8.399663925170898
9.828792572021484
10.972723960876465
10.758788108825684
9.657042503356934
9.425768852233887
9.418334007263184
10.089921951293945
11.096813201904297
10.36158275604248
9.405047416687012
7.981772422790527
9.533784866333008
11.483745574951172
9.11808967590332
9.17898941040039
10.862942695617676
9.79816722869873
10.559086799621582
8.341936111450195
9.435700416564941
8.6087064743042
9.273429870605469
9.332452774047852
10.60033130645752
8.331103324890137
9.83187484741211
9.168338775634766
10.597877502441406
8.934693336486816
10.672808647155762
10.503284454345703
9.669939994812012
9.582168579101562
10.8253812789917
9.110213279724121
9.906364440917969
10.381386756896973
9.655129432678223
9.958454132080078
8.518909454345703
10.085357666015625
8.66589641571045
11.577921867370605
8.539765357971191
10.42035961151123
6.303579330444336
9.705146789550781
9.912373542785645
6.922837257385254
10.797856330871582
8.976253509521484
9.723849296569824
8.344511985778809
10.553683280944824
9.374106407165527
10.047750473022461
8.176225662231445
10.505029678344727
9.545042991638184
8.620659828186035
9.360699653625488
9.887165069580078
9.882894515991211
10.664799690246582
11.078512191772461
8.972271919250488
10.249465942382812
10.86545467376709
11.102521896362305
9.56131649017334
9.72314453125
8.481069564819336
8.707029342651367
9.388531684875488
8.659393310546875
10.609861373901367
10.823904037475586
11.260247230529785
11.438915252685547
9.445819854736328
10.563483238220215
11.225318908691406
9.887627601623535
10.738113403320312
9.308510780334473
10.064257621765137
10.083161354064941
10.467575073242188
8.1381254196167
10.217117309570312
10.242374420166016
9.290003776550293
9.745492935180664
9.382083892822266
10.149508476257324
8.957967758178711
10.031756401062012
9.217765808105469
10.247661590576172
10.638495445251465
7.627076148986816
10.780390739440918
9.999288558959961
10.355119705200195
9.555440902709961
8.89404010772705
8.0836763381958
10.229924201965332
9.91982650756836
11.185011863708496
9.265069007873535
10.36078929901123
10.429609298706055
9.785528182983398
9.993525505065918
9.946348190307617
9.391785621643066
9.480791091918945
9.808212280273438
9.963704109191895
8.953120231628418
8.670461654663086
9.92660140991211
9.618499755859375
10.736454010009766
9.95828628540039
9.094603538513184
10.8853759765625
10.778841018676758
10.054670333862305
8.711812973022461
11.007549285888672
10.330994606018066
6.945542335510254
10.926494598388672
10.173880577087402
4.090476036071777
9.757241249084473
10.42704963684082
9.564881324768066
9.622679710388184
8.248055458068848
8.790969848632812
10.215003967285156
9.98751163482666
9.541543006896973
9.67502498626709
11.21296215057373
8.641194343566895
8.204588890075684
8.819393157958984
10.159749984741211
7.182526111602783
10.344131469726562
11.103219985961914
11.539398193359375
7.656848907470703
9.060006141662598
10.464912414550781
9.465600967407227
10.82998275756836
10.122060775756836
10.459488868713379
7.5227460861206055
7.6509833335876465
9.951753616333008
10.507847785949707
10.992962837219238
8.921229362487793
9.503654479980469
10.339251518249512
9.68945026397705
9.652215957641602
8.976666450500488
9.986393928527832
8.794325828552246
10.547876358032227
9.358541488647461
9.256354331970215
10.007888793945312
9.508072853088379
10.871679306030273
6.93243932723999
11.210434913635254
10.323482513427734
11.233471870422363
10.475116729736328
7.9629225730896
9.620065689086914
10.730454444885254
10.51716423034668
10.293713569641113
8.795220375061035
10.379532814025879
11.13202953338623
9.121533393859863
8.949328422546387
10.751077651977539
9.777423858642578
10.242340087890625
10.689199447631836
9.661508560180664
9.919013023376465
9.80411148071289
10.253772735595703
9.451898574829102
10.485445022583008
9.722289085388184
10.07862663269043
9.580316543579102
10.366935729980469
8.953675270080566
10.42737865447998
10.124336242675781
9.472091674804688
10.295097351074219
8.290135383605957
8.043903350830078
10.042882919311523
10.773075103759766
8.529791831970215
10.55677318572998
8.46030044555664
9.807435035705566
9.796384811401367
9.297167778015137
7.8724870681762695
8.636258125305176
9.737020492553711
10.9849271774292
11.008790016174316
9.249484062194824
9.199594497680664
8.683353424072266
8.363819122314453
9.701176643371582
10.258131980895996
9.636552810668945
