6.757465362548828
8.406652450561523
6.165322303771973
10.92366886138916
4.4901533126831055
8.107782363891602
7.184418201446533
7.09345006942749
11.14087200164795
8.152271270751953
4.214599132537842
5.12977933883667
9.688898086547852
7.022161483764648
7.880011558532715
5.260258197784424
8.102585792541504
10.302563667297363
5.9137349128723145
4.884094715118408
7.186470031738281
3.5488362312316895
11.137699127197266
4.871906757354736
7.048709392547607
5.076344966888428
8.955568313598633
10.189224243164062
10.407288551330566
8.49487018585205
7.25526237487793
6.3715901374816895
4.772432804107666
10.976534843444824
10.96005916595459
9.546741485595703
7.411738395690918
6.978948593139648
8.914427757263184
11.246230125427246
10.077140808105469
9.636683464050293
8.284200668334961
7.215387344360352
7.558450698852539
6.329862117767334
9.376310348510742
6.9785590171813965
9.04595947265625
7.087890625
8.069642066955566
3.38822078704834
9.480666160583496
6.757039546966553
8.054908752441406
10.191746711730957
5.807002067565918
6.9800124168396
7.183462142944336
9.289616584777832
7.071069717407227
7.85418701171875
7.927546501159668
7.484689235687256
9.984512329101562
6.233706951141357
6.857678413391113
10.182734489440918
9.186981201171875
4.079425811767578
9.121712684631348
7.046030521392822
9.838971138000488
8.857833862304688
6.216453552246094
8.50505542755127
6.168237686157227
4.5007219314575195
10.157574653625488
10.609429359436035
5.287840843200684
9.33220100402832
6.453075408935547
5.51648473739624
4.902961730957031
8.455492973327637
10.139583587646484
9.391704559326172
5.381440162658691
7.946919918060303
8.137563705444336
7.969478607177734
10.047252655029297
9.486411094665527
6.655088424682617
6.374782085418701
12.308191299438477
10.361830711364746
9.576064109802246
4.552204608917236
7.507646560668945
7.794628143310547
9.251117706298828
2.959174156188965
10.444321632385254
5.461814880371094
7.9982686042785645
8.98209285736084
11.263483047485352
6.997589588165283
8.878074645996094
10.674776077270508
6.596801280975342
8.681074142456055
10.315067291259766
7.831181049346924
7.045960426330566
4.131527423858643
6.026925086975098
10.565312385559082
7.73496675491333
9.87043285369873
7.367736339569092
7.729629039764404
9.163301467895508
8.40396785736084
9.326482772827148
6.848062515258789
10.676827430725098
5.273215293884277
8.759389877319336
7.873835563659668
9.229426383972168
7.437566757202148
5.373626708984375
8.286824226379395
8.660653114318848
9.270756721496582
4.639307498931885
4.103122711181641
6.884335994720459
9.09670352935791
9.822603225708008
6.1520185470581055
4.860830307006836
4.888439655303955
7.672455310821533
7.513401031494141
6.992650508880615
9.092312812805176
7.431814193725586
4.035993576049805
7.06024694442749
5.896570682525635
6.971391677856445
8.857226371765137
8.946972846984863
4.787416458129883
9.783839225769043
8.504701614379883
3.6586647033691406
3.824190855026245
5.381603240966797
6.64290189743042
4.235071659088135
4.682260990142822
5.25205659866333
9.211692810058594
5.865417003631592
5.058107852935791
8.785818099975586
8.88136100769043
3.8430981636047363
5.1784868240356445
8.326045989990234
6.780768394470215
8.819878578186035
6.4793381690979
8.361949920654297
6.842586517333984
8.73318862915039
9.288439750671387
9.44662094116211
8.197040557861328
7.801712512969971
9.09151840209961
10.339216232299805
5.538097858428955
6.223488807678223
8.941889762878418
5.516552448272705
7.915372848510742
9.005348205566406
8.557209014892578
9.604662895202637
6.964087963104248
8.525627136230469
8.34946346282959
4.5961222648620605
10.092430114746094
5.0026774406433105
7.159269332885742
9.351971626281738
4.637955665588379
7.9938178062438965
11.949091911315918
7.0499725341796875
6.077895164489746
7.166828155517578
4.343959331512451
6.278540134429932
7.716240406036377
10.704718589782715
8.768336296081543
3.914031982421875
9.117364883422852
4.533955097198486
7.984933376312256
6.169592380523682
8.36373233795166
5.336122512817383
9.753255844116211
8.814347267150879
5.875974178314209
7.36842155456543
5.33656644821167
8.346826553344727
9.781879425048828
5.228269100189209
8.710174560546875
6.320485591888428
9.061528205871582
6.336147785186768
5.402425289154053
6.326731204986572
6.664387226104736
7.9441914558410645
9.566145896911621
4.994007110595703
7.46602725982666
11.026590347290039
12.239541053771973
5.561880111694336
5.375921249389648
4.289313316345215
6.7222161293029785
12.226223945617676
10.528082847595215
8.352381706237793
8.452686309814453
7.391870498657227
6.968442440032959
4.122679233551025
8.789111137390137
8.832630157470703
7.4363179206848145
2.551781177520752
10.250543594360352
4.4503960609436035
9.015016555786133
8.730728149414062
9.808598518371582
7.82526159286499
5.9913554191589355
8.298954010009766
6.333635330200195
2.8956310749053955
5.877076148986816
10.749948501586914
8.003030776977539
5.859763145446777
8.431548118591309
7.7487874031066895
8.61469554901123
7.537599563598633
11.783984184265137
8.74577522277832
5.385218143463135
7.016116619110107
11.214248657226562
6.73050594329834
7.986106872558594
8.235361099243164
9.21079158782959
4.229236125946045
6.726208686828613
10.045122146606445
5.047303199768066
8.181853294372559
9.865758895874023
5.993176460266113
8.853075981140137
9.72636604309082
8.16027545928955
4.93940544128418
6.644359111785889
6.935324192047119
12.108255386352539
10.934225082397461
5.188155174255371
8.020766258239746
7.789749622344971
5.9637885093688965
6.164464950561523
6.2873921394348145
4.285328388214111
8.586702346801758
9.453721046447754
6.570105075836182
9.27245044708252
2.4490602016448975
8.732863426208496
8.664485931396484
6.451611042022705
9.242924690246582
8.18050765991211
9.056246757507324
9.107244491577148
5.860988140106201
9.7193603515625
4.936058521270752
5.660445213317871
10.6682767868042
8.999170303344727
5.779224395751953
6.968705177307129
7.179858684539795
3.793402671813965
8.81213092803955
5.751464366912842
9.297728538513184
8.285762786865234
6.20651912689209
5.651219367980957
8.02335262298584
5.183493137359619
10.23336410522461
10.951790809631348
8.53084945678711
8.965524673461914
7.319168567657471
9.501195907592773
5.585394859313965
3.9185750484466553
5.117679119110107
9.51775074005127
9.033452033996582
9.336750030517578
9.183216094970703
8.844573974609375
7.201396465301514
6.611940383911133
10.119145393371582
8.181622505187988
9.461400032043457
7.251545429229736
9.022659301757812
2.0165178775787354
9.14004135131836
4.259538650512695
6.858904838562012
6.569723606109619
8.43839168548584
8.215099334716797
9.470979690551758
9.928318977355957
6.8447265625
7.333550930023193
6.953301906585693
8.027165412902832
2.134986400604248
7.193709373474121
7.138314723968506
5.4756059646606445
4.802167892456055
6.015745162963867
6.126517295837402
9.137206077575684
5.061730861663818
10.129809379577637
5.888437747955322
9.36966609954834
9.28888988494873
4.807262420654297
9.732065200805664
7.599045753479004
10.153233528137207
6.757752418518066
8.124863624572754
3.0802180767059326
5.613520622253418
7.600687026977539
7.123911380767822
3.8727962970733643
9.178775787353516
6.993349552154541
8.724169731140137
3.9931766986846924
5.618812084197998
5.955853462219238
8.699251174926758
5.822545528411865
3.421956777572632
7.431262493133545
6.051702976226807
5.694535255432129
5.205262184143066
8.928986549377441
5.885941982269287
7.2037858963012695
11.515670776367188
5.650333881378174
8.593770980834961
3.8031868934631348
11.00172233581543
10.176543235778809
8.826919555664062
6.3218793869018555
7.151154041290283
6.180103778839111
7.687135696411133
6.661221027374268
9.767309188842773
8.214277267456055
7.100411891937256
5.586478233337402
8.754956245422363
6.0329461097717285
7.498684406280518
7.192746639251709
7.963856220245361
8.898082733154297
6.684833526611328
6.224075794219971
6.591678142547607
7.653891563415527
8.903396606445312
5.743894100189209
6.871837139129639
5.8830132484436035
7.017930030822754
9.577890396118164
10.873902320861816
10.715400695800781
3.888956069946289
8.706598281860352
8.321691513061523
7.588484764099121
9.235968589782715
7.712472438812256
5.366636753082275
6.551584243774414
6.701296329498291
-0.009280892089009285
10.952106475830078
10.230552673339844
10.10933780670166
7.009583473205566
11.444292068481445
10.326159477233887
8.346015930175781
6.275699138641357
4.155769348144531
4.456143379211426
5.280177593231201
3.91742205619812
7.789386749267578
5.814412593841553
3.554450035095215
10.08089828491211
8.528444290161133
7.3907880783081055
7.789725303649902
9.595657348632812
9.081392288208008
6.064102649688721
9.444522857666016
11.433597564697266
6.829362869262695
6.854668140411377
8.157034873962402
4.150321006774902
8.649103164672852
7.104514122009277
8.006937026977539
4.433521270751953
11.692330360412598
5.367561340332031
9.020410537719727
8.993836402893066
7.578790664672852
8.21773910522461
8.637351036071777
10.469098091125488
9.452263832092285
8.798675537109375
7.733388900756836
8.396454811096191
4.519530773162842
5.410227298736572
