1.132682204246521
0.2138182371854782
1.0694369077682495
0.4982945919036865
0.8497790694236755
1.0554897785186768
0.00044880868517793715
-0.0357048436999321
-0.5231550335884094
1.133183479309082
0.36454203724861145
0.9462004899978638
0.28614160418510437
-0.22393138706684113
1.055228352546692
1.6147807836532593
1.0687941312789917
0.1779845654964447
0.20353150367736816
1.470574975013733
-0.29355987906455994
0.45126527547836304
0.6275074481964111
1.1170471906661987
1.9376227855682373
1.2182271480560303
0.4409644305706024
0.30137863755226135
0.6834872364997864
2.0328006744384766
0.4080877900123596
0.14381518959999084
0.4287453293800354
0.5627552270889282
0.43294230103492737
1.0393339395523071
0.6695144772529602
0.8068013191223145
0.5766664743423462
0.5361925363540649
0.3044818043708801
0.5480149388313293
0.8062739372253418
2.3658971786499023
0.8028743863105774
0.4919563829898834
1.3911412954330444
2.393470525741577
0.5146243572235107
0.3377241790294647
1.3150248527526855
1.1034877300262451
0.8438540101051331
-0.3109258711338043
0.49576616287231445
0.9998216032981873
0.12889981269836426
1.363486409187317
-0.40244030952453613
-0.30569368600845337
0.4983305335044861
-0.40814000368118286
-0.10109181702136993
0.5356367230415344
1.2477376461029053
0.9840472936630249
0.3882453739643097
0.25204193592071533
0.59058678150177
0.41253408789634705
0.8387596607208252
0.07452885806560516
1.526647925376892
0.7015159726142883
-0.0022399234585464
0.46031323075294495
-0.12407118827104568
-0.07051583379507065
1.3443539142608643
0.864877462387085
-0.2002326250076294
0.6517114043235779
1.0225447416305542
0.24788254499435425
0.7292995452880859
-0.06043783947825432
0.2050534337759018
0.6237198114395142
0.3450172543525696
1.6650025844573975
1.3608806133270264
0.7946800589561462
-0.12856169044971466
0.9666869044303894
0.4447621703147888
-0.4007129967212677
0.5292710661888123
0.6297914981842041
0.737436830997467
0.10324525088071823
