2.314394950866699
3.685124635696411
3.5174031257629395
3.119196891784668
2.2076265811920166
2.7308716773986816
1.0500597953796387
2.2767345905303955
1.2069361209869385
1.6996345520019531
2.8317453861236572
3.86023211479187
3.558725595474243
1.4789997339248657
1.697027325630188
1.1020640134811401
0.8639644384384155
3.37019944190979
2.9783031940460205
2.4471020698547363
2.392292022705078
3.6695590019226074
2.6318397521972656
2.814103364944458
2.8807449340820312
2.9675164222717285
2.818641424179077
2.7715673446655273
4.0746893882751465
1.8478546142578125
3.208949089050293
2.6222360134124756
2.022152900695801
2.5726563930511475
1.9052433967590332
3.600067615509033
2.130718946456909
3.069485664367676
2.934309959411621
3.5555763244628906
3.145595073699951
1.957543134689331
3.9268226623535156
1.2198158502578735
1.4382879734039307
4.162812232971191
3.0027120113372803
3.6663851737976074
1.9069708585739136
1.6986039876937866
2.148534059524536
1.9766422510147095
1.7180123329162598
2.3352930545806885
4.105391979217529
2.4037764072418213
3.2073938846588135
3.475389003753662
2.947166919708252
2.9605531692504883
3.7781894207000732
2.9779715538024902
1.5635337829589844
2.856797456741333
2.253737449645996
2.6923749446868896
3.5971453189849854
2.186427354812622
3.8712899684906006
2.044161558151245
4.0706682205200195
2.609314203262329
2.2734761238098145
2.3150479793548584
2.863720178604126
2.2083168029785156
2.980273723602295
0.5992323160171509
2.7566184997558594
3.609776258468628
4.584705352783203
3.853388786315918
2.644622802734375
3.405576705932617
0.7810505628585815
2.9798765182495117
4.182971954345703
3.2153987884521484
3.908496618270874
2.9253599643707275
-0.5801253318786621
2.1928184032440186
1.8291211128234863
4.632800579071045
2.137052536010742
1.0627790689468384
3.3016858100891113
3.694828748703003
3.0430476665496826
1.660893201828003
