9.68709659576416
8.695198059082031
8.972883224487305
8.018909454345703
7.754777431488037
8.684880256652832
9.026100158691406
9.42684555053711
9.21036148071289
8.531927108764648
8.09925651550293
8.498894691467285
6.741322040557861
7.651928901672363
9.555984497070312
10.622542381286621
8.152230262756348
6.923345565795898
8.830686569213867
8.259223937988281
10.612639427185059
10.2333984375
9.762557029724121
7.111022472381592
9.389147758483887
9.809532165527344
7.792478084564209
7.163652420043945
7.993654251098633
10.349943161010742
6.7218403816223145
8.774798393249512
10.114967346191406
6.329922676086426
9.43188762664795
8.756650924682617
9.32650089263916
7.604868412017822
9.250731468200684
10.5562744140625
9.807168960571289
9.773359298706055
9.21570110321045
8.96447467803955
8.4384126663208
8.03246021270752
8.042420387268066
6.46453332901001
8.676015853881836
8.498404502868652
7.8203535079956055
6.92257833480835
8.46933364868164
9.036331176757812
6.917614936828613
8.252839088439941
7.4606804847717285
9.976885795593262
8.906929969787598
8.932229995727539
9.129170417785645
8.151294708251953
8.032840728759766
8.726139068603516
8.465203285217285
9.055977821350098
9.058782577514648
8.220721244812012
9.109922409057617
8.007645606994629
9.587087631225586
10.344096183776855
8.816765785217285
8.184391021728516
8.064553260803223
8.80053424835205
7.524860382080078
10.316370010375977
8.240543365478516
10.018319129943848
7.757465839385986
9.631427764892578
9.506938934326172
8.766531944274902
8.281197547912598
6.882120132446289
7.231228828430176
8.67525863647461
8.877415657043457
8.189528465270996
9.0696439743042
7.731248378753662
8.818059921264648
9.461913108825684
8.768242835998535
7.259713649749756
8.704161643981934
9.591804504394531
8.615633010864258
6.730885028839111
9.2282133102417
8.946487426757812
9.734363555908203
8.87466049194336
7.723807334899902
6.92756462097168
8.710679054260254
7.909959316253662
9.416346549987793
8.013387680053711
9.399867057800293
8.621125221252441
9.086618423461914
8.468457221984863
8.340237617492676
7.8366169929504395
8.704073905944824
9.463533401489258
8.610532760620117
8.449437141418457
8.967520713806152
5.625048637390137
9.523669242858887
8.262065887451172
9.698180198669434
8.071161270141602
9.396645545959473
8.333292007446289
10.121895790100098
8.975652694702148
9.052776336669922
8.95914363861084
8.019810676574707
5.996964454650879
8.93025016784668
6.5573577880859375
9.389811515808105
8.687952995300293
8.084306716918945
10.045441627502441
10.421554565429688
8.628693580627441
9.25412368774414
8.660984992980957
8.103363037109375
8.73833179473877
6.85482120513916
8.76862907409668
8.989476203918457
9.791909217834473
9.592710494995117
9.564714431762695
7.982741832733154
9.191676139831543
9.208182334899902
8.377692222595215
9.404074668884277
7.584580421447754
9.544639587402344
7.243127822875977
8.661187171936035
8.099689483642578
9.839557647705078
8.443877220153809
9.475208282470703
9.164583206176758
9.841501235961914
9.917851448059082
9.870427131652832
8.752233505249023
8.760371208190918
8.689251899719238
9.136068344116211
9.542803764343262
10.1228666305542
10.017158508300781
9.132057189941406
9.110983848571777
8.489779472351074
9.652775764465332
8.511539459228516
9.688050270080566
8.541755676269531
9.305160522460938
8.679129600524902
9.913008689880371
9.894219398498535
10.295785903930664
8.634381294250488
9.897445678710938
10.036264419555664
9.618873596191406
9.532000541687012
8.990781784057617
9.87613582611084
8.41177749633789
8.813759803771973
9.496222496032715
9.357803344726562
7.337231636047363
9.427595138549805
8.708698272705078
7.155601501464844
10.073159217834473
9.025744438171387
8.823958396911621
9.243579864501953
7.943030834197998
8.557028770446777
9.42035961151123
9.913866996765137
9.085465431213379
8.506646156311035
10.246079444885254
8.574524879455566
10.420927047729492
10.226140022277832
8.687270164489746
9.62050724029541
9.010520935058594
9.616527557373047
8.283502578735352
8.895825386047363
10.148784637451172
9.07540225982666
10.337423324584961
6.978733062744141
8.15992259979248
8.397729873657227
10.042091369628906
9.569985389709473
8.991501808166504
10.04653263092041
9.254087448120117
9.75623893737793
9.264323234558105
10.56937026977539
10.039220809936523
8.71341323852539
9.106049537658691
8.691913604736328
10.298182487487793
7.101717472076416
9.258554458618164
7.803117752075195
7.305833339691162
6.110037803649902
9.555681228637695
8.99655818939209
8.268065452575684
7.983777046203613
8.168299674987793
10.360871315002441
8.950315475463867
8.307665824890137
10.138277053833008
6.599998474121094
8.67822265625
8.292634010314941
9.370153427124023
8.346967697143555
8.394713401794434
7.850425720214844
8.324234008789062
9.7555570602417
7.390800952911377
7.864692687988281
8.369903564453125
8.580276489257812
10.383588790893555
7.96314001083374
9.549571990966797
7.7079949378967285
8.570877075195312
9.34887409210205
9.068643569946289
6.814302921295166
9.38216781616211
10.538040161132812
9.57889461517334
9.005697250366211
7.990920543670654
6.217106342315674
8.174703598022461
9.590301513671875
9.113324165344238
7.535210132598877
9.453592300415039
8.450948715209961
10.246113777160645
7.725510597229004
10.315056800842285
9.147254943847656
9.426465034484863
8.996786117553711
8.793148040771484
8.108327865600586
10.003759384155273
10.1903715133667
7.679226875305176
9.015656471252441
8.28499698638916
9.095765113830566
7.21131706237793
9.912959098815918
8.017322540283203
9.232425689697266
6.449182510375977
9.34811782836914
10.600688934326172
7.515875816345215
9.258445739746094
9.557250022888184
8.257057189941406
7.85990571975708
8.88821792602539
7.640207767486572
9.105467796325684
6.381045818328857
9.570887565612793
8.494383811950684
9.50954532623291
8.69897174835205
7.8738837242126465
7.9215545654296875
8.693382263183594
9.780024528503418
7.871452808380127
9.181553840637207
9.732906341552734
8.541646957397461
7.575213432312012
9.175211906433105
8.331836700439453
8.256092071533203
8.122917175292969
7.890145778656006
9.657870292663574
8.370840072631836
9.924427032470703
9.666597366333008
9.723043441772461
8.668194770812988
9.80911636352539
9.373947143554688
9.488190650939941
8.035276412963867
9.237568855285645
8.987044334411621
9.993951797485352
7.964902400970459
9.753337860107422
9.48182201385498
8.93093490600586
7.863686561584473
8.226605415344238
9.352093696594238
8.97401237487793
8.774595260620117
8.683626174926758
8.515935897827148
9.340392112731934
8.615466117858887
7.866433143615723
9.561899185180664
9.405381202697754
8.995172500610352
8.689388275146484
6.244540214538574
9.73427963256836
9.832718849182129
9.7222261428833
7.691453456878662
8.572336196899414
9.319334030151367
9.767393112182617
9.767230033874512
9.48745346069336
7.026108741760254
7.6552510261535645
8.888459205627441
10.55384635925293
7.587519645690918
7.712303161621094
8.925688743591309
9.134305000305176
9.460329055786133
9.434663772583008
8.868852615356445
9.564922332763672
9.99853229522705
8.252096176147461
8.177508354187012
9.968924522399902
9.5474214553833
5.918231964111328
9.188321113586426
8.952564239501953
4.178542613983154
9.069108963012695
7.404368877410889
9.583447456359863
10.701945304870605
6.948268413543701
9.218160629272461
9.022327423095703
8.867864608764648
8.445560455322266
7.475488662719727
9.935770988464355
6.876486301422119
7.729186534881592
8.522298812866211
8.4450044631958
9.055741310119629
8.150506019592285
10.541304588317871
10.363753318786621
5.301410675048828
8.942742347717285
9.948089599609375
9.389992713928223
9.321535110473633
8.170379638671875
10.280319213867188
6.615543842315674
7.482236385345459
9.254368782043457
9.82040023803711
9.361364364624023
8.712920188903809
8.832524299621582
8.987059593200684
8.164878845214844
9.842687606811523
8.32673168182373
9.24096393585205
7.419179916381836
10.034161567687988
9.172456741333008
10.139484405517578
8.923482894897461
8.704266548156738
10.001141548156738
5.2202253341674805
9.949402809143066
7.785584449768066
8.886129379272461
8.71295166015625
6.3924174308776855
9.518463134765625
9.942073822021484
10.153985023498535
9.72834587097168
6.788114547729492
8.652921676635742
10.074222564697266
8.312149047851562
7.778220176696777
8.462023735046387
8.318509101867676
8.321738243103027
9.583367347717285
8.1359281539917
9.321295738220215
8.813064575195312
8.394085884094238
9.29594612121582
9.474863052368164
8.472177505493164
9.006001472473145
9.494000434875488
8.721597671508789
8.019030570983887
9.871297836303711
8.996137619018555
9.107637405395508
9.24616527557373
6.616612911224365
8.38312816619873
8.664116859436035
9.711499214172363
8.57524299621582
8.529890060424805
8.05440616607666
8.828051567077637
9.477290153503418
7.864358901977539
7.641160011291504
9.442770957946777
8.518815040588379
10.056528091430664
8.518507957458496
7.607274055480957
7.946233749389648
8.677450180053711
8.522994995117188
9.186727523803711
9.996986389160156
10.146923065185547
