0.6938647627830505
1.1467612981796265
1.3492861986160278
0.5246231555938721
0.5864084362983704
1.2562921047210693
0.8485252857208252
1.2482373714447021
1.9882348775863647
1.5928583145141602
0.8211878538131714
0.6809331178665161
-0.11386332660913467
0.9845463037490845
2.3985660076141357
1.5293043851852417
0.7834721803665161
1.0928853750228882
0.9657827019691467
0.8093329668045044
1.0937365293502808
0.45290684700012207
0.6472634077072144
1.66596257686615
1.2758234739303589
1.210857629776001
0.7727212309837341
1.55043625831604
0.6759915947914124
0.6501030921936035
0.9390393495559692
1.451214075088501
0.7113441228866577
0.4984259009361267
1.6668503284454346
0.33679479360580444
0.4900186359882355
1.025400161743164
1.2324998378753662
0.8481085300445557
1.1647813320159912
0.9461302757263184
1.036241888999939
1.0849968194961548
1.0901362895965576
1.4808447360992432
0.9379199743270874
0.9308697581291199
0.9112542867660522
1.6715447902679443
0.5991072654724121
0.7548986673355103
0.35051581263542175
1.185205340385437
1.6929690837860107
0.19439227879047394
1.0245678424835205
0.31277740001678467
1.2059450149536133
1.1519107818603516
1.7382391691207886
1.5089430809020996
1.0624653100967407
-0.004375244956463575
0.8539093136787415
0.3773902654647827
0.6955511569976807
0.502594530582428
0.3516916036605835
1.503631591796875
0.7004109621047974
0.800998866558075
0.05063962563872337
1.5638142824172974
1.4838061332702637
1.0218019485473633
0.8541622161865234
1.3017823696136475
1.2517775297164917
1.708472490310669
0.5717421770095825
0.6534018516540527
0.847557008266449
1.396783709526062
1.1748771667480469
0.5400521755218506
0.5132095813751221
1.4779083728790283
1.1307919025421143
0.8018313646316528
1.5184810161590576
0.7163606882095337
1.1717902421951294
0.991533100605011
1.0006077289581299
0.13389723002910614
0.8386660218238831
1.7236146926879883
0.7258092761039734
0.07592964917421341
