1.6671075820922852
1.132624864578247
0.5054948329925537
1.1661416292190552
1.5280691385269165
1.1587687730789185
1.2957669496536255
2.394134521484375
1.727786660194397
1.0259582996368408
1.5836108922958374
1.0599733591079712
2.216367721557617
0.5991497039794922
1.548950433731079
1.5249253511428833
1.905073881149292
0.8518059849739075
2.1121203899383545
0.7814075350761414
1.081262469291687
1.2123029232025146
1.0025016069412231
0.6917198300361633
1.636263370513916
0.7061119079589844
1.0530587434768677
1.0945581197738647
1.1826415061950684
1.7073078155517578
2.1117045879364014
0.5045373439788818
0.5146497488021851
0.43652796745300293
1.1604020595550537
1.641938328742981
0.9179425239562988
0.738310694694519
1.4448364973068237
0.8534614443778992
1.6681843996047974
1.6822808980941772
0.38105061650276184
1.003748893737793
0.9993462562561035
1.8683243989944458
2.4391610622406006
0.9181854724884033
0.2551440894603729
0.8049359917640686
0.7449530363082886
1.0782407522201538
0.5438953638076782
1.2989882230758667
1.2745810747146606
1.12739896774292
1.3366085290908813
0.8931593298912048
0.9609014987945557
0.9320632219314575
1.4451327323913574
0.5218695998191833
1.9080204963684082
1.1586412191390991
1.3390378952026367
1.2563350200653076
1.375950813293457
2.080942392349243
2.164722204208374
1.3434031009674072
1.463878870010376
0.682560384273529
0.4217001795768738
1.3707294464111328
1.5276111364364624
1.0812493562698364
1.5614374876022339
1.6007211208343506
1.1845773458480835
1.5910824537277222
0.8695066571235657
2.362586498260498
0.5270327925682068
2.2831132411956787
0.764854371547699
7.355165958404541
1.3461992740631104
1.3334873914718628
1.5299004316329956
1.9454163312911987
1.2944962978363037
1.0907924175262451
1.0583982467651367
1.119482398033142
2.361659288406372
0.49324312806129456
1.7409635782241821
0.7836306095123291
1.7685221433639526
1.282498836517334
