0.6934175491333008
2.8697879314422607
0.5964208841323853
0.5251204371452332
-0.2837606966495514
0.39131709933280945
0.08371038734912872
0.34789159893989563
1.377082109451294
-0.12530185282230377
1.296081781387329
0.7706686854362488
0.08881158381700516
1.4139796495437622
0.30734023451805115
0.8069084882736206
0.6335989236831665
0.8218474984169006
1.1360325813293457
0.08570920675992966
1.7097351551055908
0.2965388596057892
0.37083056569099426
0.9773187637329102
1.9838998317718506
0.9175224304199219
0.43582087755203247
1.3910391330718994
0.9909879565238953
0.5917266607284546
1.0359885692596436
0.1648763120174408
2.6616427898406982
0.5827493071556091
0.05991581827402115
2.0188167095184326
-0.23550064861774445
0.04172634333372116
-0.5872099995613098
0.4298570454120636
0.6169614791870117
0.363250195980072
-0.20601540803909302
0.9006726145744324
0.11095570027828217
0.6841458082199097
0.7291111350059509
0.31655824184417725
2.2029831409454346
0.8895833492279053
0.8377005457878113
1.3843656778335571
2.2752926349639893
1.5462392568588257
1.4346131086349487
-0.32774868607521057
0.4143563210964203
1.2079594135284424
0.6573808789253235
2.943124771118164
0.6295718550682068
1.2883388996124268
1.3431097269058228
1.4822465181350708
1.1747417449951172
1.0216554403305054
0.9586731195449829
0.7799512147903442
1.4513177871704102
1.553794026374817
-0.18847523629665375
1.3550231456756592
-0.36386463046073914
1.7350281476974487
0.8212240934371948
1.9124507904052734
-0.7694637179374695
1.3078759908676147
1.7516878843307495
0.4478648006916046
1.3325287103652954
1.1967335939407349
2.928615093231201
1.0214834213256836
-0.2394213229417801
-0.8230494856834412
1.6692081689834595
1.3123676776885986
0.8740874528884888
0.3701326251029968
0.8257150650024414
1.458096981048584
0.727012574672699
0.06280755996704102
0.9231594204902649
1.4704008102416992
0.6257675290107727
1.020940899848938
1.3669407367706299
0.5834595561027527
