1.4822076559066772
1.9658262729644775
1.7516545057296753
-0.04644453898072243
0.8998157978057861
0.7056215405464172
0.4171716570854187
2.336010694503784
1.2098581790924072
0.8314798474311829
2.073201894760132
1.2885496616363525
1.0678693056106567
1.8275235891342163
0.6817077994346619
1.3432592153549194
0.9672709107398987
2.1035239696502686
0.6749767661094666
-0.5425015687942505
-0.10624612122774124
0.27032768726348877
1.513730764389038
0.5194300413131714
1.2207425832748413
1.2659906148910522
1.510520339012146
0.833913266658783
0.6806191802024841
0.9744492769241333
0.05079507455229759
-0.1886209398508072
0.6835381984710693
1.4877897500991821
1.4776158332824707
-0.35897645354270935
1.511130928993225
0.3724304437637329
0.5234911441802979
0.25406283140182495
1.1617522239685059
3.0486512184143066
1.0006974935531616
0.5272629261016846
1.2345227003097534
-0.12857875227928162
1.2729480266571045
1.8178002834320068
0.803246796131134
0.4452444612979889
0.9962117671966553
1.5759263038635254
-0.13215045630931854
0.8642376661300659
1.4542338848114014
1.4805914163589478
0.8210090398788452
2.018615245819092
0.49060603976249695
1.5671885013580322
0.4648902416229248
0.5435125827789307
2.6469035148620605
1.6748836040496826
1.5432173013687134
0.4088844656944275
1.4677011966705322
2.1443445682525635
0.7044917941093445
1.0708283185958862
1.3830599784851074
0.9754904508590698
0.05454840511083603
0.5226883888244629
0.09690725058317184
1.3329017162322998
0.006060123443603516
1.1088099479675293
0.6910403370857239
1.4832381010055542
1.2657469511032104
0.9814530611038208
0.4803065061569214
0.9374998211860657
0.9790464639663696
-0.30902954936027527
1.1653534173965454
1.6847567558288574
1.913899540901184
1.6510446071624756
1.094220757484436
0.12010081112384796
1.572808027267456
1.4614423513412476
0.48909780383110046
0.6183521747589111
0.38554662466049194
1.5716038942337036
1.1593952178955078
1.6103529930114746
