5.587491989135742
4.631710052490234
5.100816249847412
5.033829689025879
5.29778528213501
4.622939586639404
5.836089611053467
5.545923709869385
5.208463191986084
6.118260860443115
5.685088634490967
4.0397772789001465
4.1315836906433105
6.154004096984863
5.338381290435791
4.828582286834717
6.446135997772217
6.3513264656066895
4.899519920349121
6.02603006362915
4.927165508270264
5.993688106536865
5.85733699798584
4.870407581329346
5.9659810066223145
5.181557655334473
4.034501075744629
5.434875011444092
5.982824802398682
5.7456746101379395
5.962786674499512
5.994339466094971
6.052066326141357
5.593276500701904
5.852377891540527
6.821811676025391
5.926814079284668
5.730890274047852
5.972296237945557
5.720162391662598
5.889392375946045
6.457531929016113
6.725820541381836
6.307651996612549
4.972184181213379
4.114201068878174
6.081807613372803
5.957959175109863
6.228626728057861
3.2279272079467773
5.914027214050293
6.269291400909424
5.69209098815918
4.919353008270264
5.910614490509033
6.054776191711426
6.129340171813965
6.182679176330566
5.389341831207275
6.58282995223999
5.646086692810059
4.162548065185547
6.26043701171875
5.413847923278809
6.184142589569092
5.11468505859375
5.892196178436279
5.952230930328369
5.516573905944824
6.203211307525635
4.952472686767578
5.007026672363281
5.021992206573486
6.432738304138184
6.013908863067627
5.500856399536133
5.140100002288818
6.194419860839844
5.97626256942749
5.149796962738037
5.099518299102783
5.944713592529297
6.0857110023498535
4.979305744171143
5.324314117431641
6.1598005294799805
5.7947235107421875
6.211610794067383
5.959297180175781
6.4037251472473145
6.062737941741943
4.669879913330078
6.143757343292236
4.809647560119629
6.426777362823486
5.62512731552124
6.697693824768066
4.650242805480957
5.870091915130615
5.773151874542236
6.096153259277344
5.736705780029297
6.6610002517700195
5.424340724945068
4.581470489501953
6.04930305480957
5.560329914093018
6.016375541687012
5.904931545257568
5.622462272644043
5.942150592803955
5.3046159744262695
4.471444129943848
5.3405632972717285
5.9768595695495605
6.174186706542969
5.566203594207764
6.043792247772217
5.90755033493042
5.743280410766602
4.744686126708984
5.342885971069336
5.434441566467285
5.868794918060303
5.44764518737793
6.40450382232666
5.480068206787109
6.111378192901611
4.336652755737305
5.388382434844971
4.898402690887451
6.119110584259033
5.019497871398926
4.62343168258667
5.037800312042236
5.626028060913086
5.204108238220215
4.470366477966309
5.975127220153809
5.952785015106201
5.887142181396484
5.5564188957214355
4.958767414093018
4.833441734313965
6.032815456390381
5.720634937286377
5.919921875
2.8951241970062256
4.132571697235107
5.799715518951416
4.859936714172363
4.836649417877197
6.218847274780273
5.411486625671387
5.509210586547852
4.894998073577881
4.123143196105957
5.971580505371094
5.660091876983643
6.272895812988281
4.877779483795166
3.7670867443084717
5.856987476348877
6.206459999084473
5.765469551086426
6.90377140045166
5.414961814880371
5.264235019683838
6.026010036468506
3.0838890075683594
5.968379020690918
6.254176139831543
5.646705150604248
5.981583595275879
5.373149871826172
4.664952754974365
6.449472427368164
5.267359256744385
6.466240406036377
5.306260108947754
5.520788192749023
6.235411643981934
5.582659721374512
5.42738151550293
5.271483898162842
6.600150108337402
5.5468926429748535
4.25188684463501
4.940385818481445
6.241289138793945
6.126770973205566
5.297006130218506
5.950251579284668
5.647125720977783
6.500970363616943
5.990086078643799
5.160900592803955
6.437914848327637
5.212973594665527
6.2436041831970215
4.549424171447754
5.192872047424316
5.228865146636963
5.613369464874268
5.862582683563232
6.103855133056641
6.087520599365234
5.680174827575684
4.806931495666504
5.941922187805176
5.850719451904297
5.3886213302612305
5.438708782196045
6.315461158752441
5.760100841522217
5.703526973724365
4.366191387176514
6.396926403045654
4.566418170928955
5.272764682769775
6.437649250030518
5.671216011047363
6.0882887840271
5.879308223724365
5.462249279022217
5.722661018371582
6.452932834625244
5.9316725730896
5.856945037841797
4.715312480926514
5.368795871734619
5.757496356964111
4.601100921630859
6.162906646728516
5.12096643447876
6.7988176345825195
6.1185760498046875
4.5728559494018555
4.420552730560303
6.4312520027160645
4.059788703918457
6.270963668823242
4.826745510101318
4.451987266540527
5.911057949066162
5.481826305389404
4.713100910186768
6.173648834228516
5.715452671051025
5.515801429748535
