1.5014740228652954
0.8006261587142944
1.8498401641845703
1.8409944772720337
0.943892240524292
0.9578546285629272
-0.8655464053153992
1.661746621131897
1.5257489681243896
1.8154356479644775
0.9841781854629517
2.017946481704712
0.5334705710411072
1.015461802482605
1.7906274795532227
-0.41849273443222046
2.8019261360168457
-1.4961771965026855
-1.0009777545928955
0.22721506655216217
0.7951847314834595
0.06365273892879486
0.1674415022134781
-0.03571555018424988
0.64679354429245
0.02551303058862686
3.0397675037384033
3.085099458694458
0.5853689908981323
1.2231231927871704
-1.2011479139328003
-0.8391960859298706
-0.37051916122436523
0.7471367716789246
0.8725515007972717
1.6738855838775635
0.8052012324333191
-0.8821375966072083
-0.08807308226823807
3.6036996841430664
0.5188941359519958
2.2101025581359863
0.39053869247436523
0.2666800916194916
0.4228895604610443
1.130682349205017
0.754027783870697
1.2602496147155762
-0.6483988761901855
0.4793376922607422
-2.6200919151306152
2.1907846927642822
0.8681195378303528
2.7804276943206787
-0.6805617213249207
0.35666531324386597
0.6973018646240234
1.5931686162948608
-1.5633243322372437
-0.9373777508735657
2.657222032546997
2.2116763591766357
2.156686544418335
-0.3883679509162903
0.650917112827301
0.951073408126831
-1.8642476797103882
2.7252261638641357
3.8251352310180664
0.7329293489456177
0.11600339412689209
2.168853998184204
-0.1333233118057251
2.064952850341797
-0.6136348843574524
-1.018358588218689
-0.20533809065818787
-0.5542714595794678
1.8061997890472412
-0.784395694732666
1.0108550786972046
0.9058435559272766
2.3722586631774902
-0.2366766631603241
1.8833248615264893
0.006418832112103701
0.05518877133727074
1.0412055253982544
1.3438268899917603
2.4445080757141113
0.9213440418243408
0.7818970680236816
-1.1537431478500366
2.0612192153930664
2.865582227706909
2.5669381618499756
0.7235727906227112
-0.16932159662246704
2.572582244873047
-0.9404944181442261
-1.6327874660491943
0.010693397372961044
1.3371284008026123
1.384183406829834
2.8675224781036377
2.412564992904663
0.6479814052581787
0.33592864871025085
2.3269455432891846
1.8488788604736328
0.4760087728500366
-0.4049510955810547
2.5815587043762207
0.12420027703046799
0.7441471815109253
0.26537278294563293
-0.3464597761631012
1.8227685689926147
0.8080058693885803
0.7385620474815369
-0.3018747568130493
2.019366979598999
-0.9493717551231384
-0.2776041030883789
1.7894320487976074
0.9372068643569946
0.03737249970436096
0.06340546905994415
0.8088169097900391
-0.03601851686835289
3.2987406253814697
2.064849615097046
1.6807361841201782
-1.3503775596618652
-0.5260995030403137
1.0836083889007568
-0.45328572392463684
2.9336767196655273
1.7364850044250488
1.4631612300872803
2.043367624282837
-2.082303047180176
-0.07749210298061371
1.4214564561843872
1.057295560836792
3.1429927349090576
-0.4495295286178589
1.6790653467178345
0.5162543654441833
-0.9587613940238953
0.11668679863214493
-0.6790148019790649
2.899271249771118
1.3611023426055908
0.8571545481681824
0.6269431114196777
-1.5020540952682495
0.6847255825996399
0.8323571085929871
0.46729451417922974
2.9374678134918213
-1.4337177276611328
1.0192005634307861
1.476569414138794
0.7940694093704224
2.740777015686035
-1.3646658658981323
0.404308021068573
-0.2447577714920044
1.8585515022277832
1.1492167711257935
1.1708788871765137
0.34010040760040283
0.23475049436092377
-0.07602540403604507
0.6961312294006348
0.5736292004585266
0.23178182542324066
0.6695989966392517
-0.9584691524505615
-0.5701574087142944
-0.6434193253517151
0.10022496432065964
0.36061182618141174
2.4437756538391113
-0.27351436018943787
0.37242335081100464
1.716261863708496
2.63938570022583
0.26905667781829834
-0.19699186086654663
-0.6014752388000488
1.6681163311004639
1.5631592273712158
-0.7366403341293335
1.1347789764404297
-1.4484399557113647
0.47965794801712036
-1.152656078338623
3.019307851791382
2.3682687282562256
-0.07952452450990677
2.618516206741333
-0.37104254961013794
-0.24319423735141754
2.613882064819336
0.7923815846443176
-0.021170031279325485
1.589328408241272
4.200726509094238
0.10597626119852066
2.012301445007324
0.9795570969581604
1.1179124116897583
-0.49855226278305054
1.6757631301879883
-0.6021771430969238
-1.2373844385147095
1.3037885427474976
2.454772472381592
0.8792093992233276
2.1957011222839355
-0.33616167306900024
1.4119001626968384
-0.8437790870666504
2.250413417816162
1.1524689197540283
1.5468119382858276
-0.33318328857421875
2.1273717880249023
-1.3244402408599854
-1.6941474676132202
2.5443458557128906
-1.7035709619522095
1.1567637920379639
1.4968663454055786
3.0698182582855225
-1.5588897466659546
2.7117607593536377
1.3066540956497192
1.3451539278030396
1.9087028503417969
-0.09311382472515106
0.7379582524299622
-0.35901495814323425
1.0517277717590332
-1.7253097295761108
-0.8995102047920227
-0.8693957924842834
2.0465312004089355
-0.45297297835350037
-0.839694619178772
1.6599030494689941
0.8658480048179626
-1.2019679546356201
-1.1520522832870483
-0.9801851511001587
2.7478506565093994
1.2455421686172485
0.6064883470535278
-0.7705181837081909
1.4124422073364258
0.997772216796875
0.20643863081932068
-1.1182233095169067
-0.9362563490867615
0.13393555581569672
0.9117854237556458
0.6823328733444214
2.5082919597625732
0.5756204128265381
0.832694411277771
0.4820367693901062
-1.218011498451233
0.4066075086593628
0.7430567741394043
0.6097369194030762
1.8163570165634155
1.838258147239685
-0.9851625561714172
1.03230619430542
-1.4168198108673096
0.7994073629379272
0.289760947227478
1.9242595434188843
2.932440757751465
0.49470001459121704
-0.6426095962524414
0.8382163643836975
-0.8801751732826233
-0.2119102030992508
2.3524329662323
-0.32130295038223267
0.7862230539321899
2.3551106452941895
-0.3733212947845459
1.0568524599075317
1.058469295501709
-0.15880703926086426
0.5096133947372437
0.6040813326835632
0.6870095133781433
1.2092417478561401
1.443108320236206
0.2053346484899521
-0.29986852407455444
-0.6488563418388367
0.7088141441345215
0.4558974802494049
0.10443941503763199
-0.047994814813137054
-1.267254114151001
2.0609147548675537
0.5345267653465271
1.2409110069274902
0.9672569036483765
-0.17998719215393066
0.6168506145477295
0.9196248650550842
0.8317667841911316
0.7675091028213501
-0.3294173777103424
2.745347261428833
-2.3368406295776367
2.5862977504730225
1.9490389823913574
-0.5562400817871094
1.9690890312194824
1.9432495832443237
-0.48704108595848083
0.26241594552993774
-0.8720786571502686
2.66876482963562
-0.3612639307975769
-0.12433739006519318
1.563576340675354
0.8369578719139099
-0.08188042044639587
2.2925057411193848
-0.5961121320724487
-0.926658570766449
2.2406442165374756
-0.4473530650138855
0.6029759645462036
1.388566017150879
2.670255184173584
2.5976741313934326
0.8908296823501587
1.4288368225097656
-0.06026526913046837
0.13087379932403564
-1.5039809942245483
0.03434709459543228
1.2590094804763794
0.31490254402160645
0.2129932940006256
-1.1897574663162231
1.3248021602630615
2.340184450149536
-0.04217465594410896
-0.367671936750412
1.96131432056427
0.023895902559161186
1.576991081237793
2.4574220180511475
-0.577996015548706
0.5644813179969788
-0.6045553088188171
1.2791718244552612
1.7217155694961548
1.2917687892913818
2.9634788036346436
-0.6223361492156982
0.6773684620857239
1.6473249197006226
0.4172699451446533
1.0323436260223389
1.7010184526443481
1.355419397354126
0.9593561291694641
0.9045577049255371
1.419511318206787
1.98358154296875
4.479614734649658
-0.26143017411231995
0.318202942609787
2.8159453868865967
2.1904373168945312
0.4860073924064636
0.8684753775596619
0.6089597940444946
0.5325348973274231
1.4329462051391602
-0.6670361757278442
-1.9732285737991333
0.3572406470775604
1.6495105028152466
1.126889705657959
1.634718418121338
4.532567024230957
0.20050448179244995
-0.10473215579986572
2.2265634536743164
1.1879727840423584
0.7618210911750793
-0.1287916898727417
-0.028493115678429604
-1.0645396709442139
1.7382981777191162
1.6433346271514893
1.5229215621948242
1.141821265220642
0.5617427229881287
-0.933300793170929
-1.3045318126678467
-0.22642473876476288
0.895991861820221
2.0484118461608887
0.28974905610084534
0.349942147731781
2.8504745960235596
-1.9109050035476685
0.7460715770721436
-0.24200233817100525
2.0326271057128906
1.0921388864517212
0.5006959438323975
-0.17317074537277222
0.5340169668197632
-1.753652572631836
-0.37942230701446533
0.43544039130210876
1.283791184425354
1.2643787860870361
2.240797281265259
0.7744525074958801
1.1189059019088745
-0.3824281394481659
1.5141946077346802
0.2776873707771301
2.4534804821014404
-0.279474139213562
0.3145039975643158
1.1017277240753174
2.880019187927246
1.5559715032577515
0.2021915465593338
1.6807489395141602
1.3813281059265137
0.04155229777097702
0.6943705677986145
2.574435234069824
0.4429011046886444
-0.6952396035194397
0.5736704468727112
0.25737708806991577
1.7378613948822021
0.3861234188079834
-0.9031427502632141
1.828831672668457
-0.9768860340118408
0.7617976665496826
-0.18146583437919617
-0.5779839754104614
0.10206566751003265
1.0156946182250977
0.1559782177209854
0.023596784099936485
0.7410120964050293
-0.1656324565410614
0.5219791531562805
1.5802726745605469
-0.9440515637397766
-0.8517339825630188
0.05046939477324486
0.03964642807841301
0.4474755823612213
2.1829581260681152
2.104238271713257
-0.5018406510353088
1.0712279081344604
2.565948486328125
2.936884880065918
1.008601188659668
2.2574996948242188
0.372152179479599
1.7791317701339722
2.251980781555176
2.2567930221557617
-0.30739736557006836
1.9840418100357056
0.8732358813285828
4.242969512939453
-1.255213737487793
-0.3843438923358917
-0.6073482036590576
-0.7843488454818726
0.021607056260108948
1.5939992666244507
-0.11452741175889969
