10.37520980834961
9.883460998535156
9.713061332702637
9.630644798278809
9.096624374389648
10.222043991088867
9.915855407714844
9.366004943847656
10.576517105102539
9.301055908203125
9.629683494567871
10.65715217590332
7.958889961242676
8.436663627624512
9.382563591003418
11.600507736206055
8.610876083374023
7.514281749725342
9.561395645141602
9.065067291259766
11.38386058807373
10.452473640441895
10.383056640625
9.21157455444336
10.720520973205566
9.786791801452637
8.792126655578613
7.304514408111572
8.702082633972168
10.032097816467285
8.641119956970215
9.639752388000488
10.634045600891113
7.531347751617432
10.068708419799805
9.421060562133789
9.314468383789062
7.6221923828125
9.630763053894043
9.621274948120117
10.6465482711792
9.552268028259277
9.57583236694336
9.306517601013184
10.108020782470703
8.465278625488281
9.750264167785645
7.90482759475708
9.112390518188477
8.822073936462402
9.925085067749023
8.393919944763184
8.753927230834961
10.35776424407959
8.06491756439209
8.20896053314209
8.36978530883789
10.746971130371094
10.315658569335938
9.61782455444336
10.138561248779297
9.153407096862793
9.95985221862793
8.659957885742188
10.512063980102539
10.062357902526855
10.589163780212402
10.320781707763672
10.641377449035645
8.115498542785645
10.625823974609375
10.649043083190918
10.794412612915039
8.433514595031738
8.804451942443848
9.652514457702637
10.02039909362793
11.16592025756836
7.547871112823486
10.636276245117188
9.441149711608887
9.470064163208008
9.754210472106934
9.886096954345703
9.931839942932129
9.030322074890137
8.499757766723633
9.250835418701172
10.491127014160156
9.110599517822266
10.902217864990234
8.696762084960938
9.445821762084961
10.87842082977295
9.385299682617188
9.190657615661621
9.194358825683594
10.642148971557617
9.89906120300293
8.767770767211914
9.422317504882812
10.04090404510498
10.87346363067627
8.577224731445312
8.627595901489258
7.606828212738037
9.74512004852295
9.29615592956543
10.68500804901123
8.382436752319336
9.752787590026855
10.959175109863281
11.0362548828125
8.098361015319824
10.383596420288086
8.490732192993164
8.611238479614258
10.139490127563477
10.86689281463623
8.915094375610352
10.028665542602539
6.727210521697998
9.782011985778809
9.412799835205078
10.26359748840332
9.1072998046875
10.74570369720459
9.705986976623535
10.520916938781738
9.76700210571289
10.724019050598145
9.772388458251953
10.29073715209961
6.059536457061768
8.367475509643555
6.889791011810303
10.350165367126465
9.853259086608887
9.375545501708984
11.014922142028809
9.762250900268555
9.607117652893066
10.09652328491211
10.296425819396973
9.263047218322754
9.776972770690918
7.380552768707275
9.679434776306152
10.012649536132812
10.074872016906738
10.177181243896484
10.541204452514648
9.965412139892578
8.796029090881348
10.754870414733887
9.754631996154785
9.77642822265625
8.950027465820312
9.989344596862793
8.525915145874023
9.594497680664062
9.460137367248535
10.38350772857666
10.08528995513916
10.10960578918457
9.471914291381836
10.812515258789062
10.843792915344238
10.18514347076416
8.728058815002441
8.66296100616455
10.084554672241211
10.938003540039062
9.843337059020996
10.052660942077637
10.139352798461914
10.470847129821777
10.838512420654297
10.074816703796387
10.460265159606934
10.94680404663086
9.69052791595459
9.508023262023926
7.975613594055176
10.303443908691406
10.15351390838623
10.568750381469727
9.950756072998047
9.952713966369629
11.024327278137207
11.07702922821045
10.367513656616211
9.580313682556152
11.036191940307617
10.339674949645996
9.543468475341797
9.155099868774414
9.957630157470703
10.846685409545898
8.552166938781738
9.80297565460205
11.023480415344238
9.328567504882812
10.994791984558105
9.59732723236084
10.414819717407227
10.107979774475098
8.181878089904785
9.833784103393555
8.084426879882812
11.01442813873291
8.823575973510742
9.23369026184082
11.087569236755371
9.87044906616211
9.722649574279785
11.333484649658203
9.408439636230469
10.860061645507812
9.95876407623291
8.526970863342285
8.59443187713623
9.6552095413208
10.390196800231934
9.97829818725586
9.697524070739746
8.281064987182617
8.719720840454102
8.408429145812988
9.21061897277832
9.769694328308105
10.226577758789062
11.033604621887207
10.670886039733887
10.491598129272461
10.403182029724121
10.700321197509766
10.069621086120605
9.371159553527832
9.684798240661621
10.697080612182617
10.397154808044434
9.004764556884766
11.36989974975586
8.883952140808105
9.843292236328125
7.205814838409424
10.878450393676758
10.706775665283203
9.450194358825684
9.745464324951172
8.24863338470459
10.363550186157227
10.6115140914917
8.933642387390137
10.399604797363281
7.7482781410217285
9.944906234741211
10.321398735046387
9.44356918334961
9.289737701416016
8.66043758392334
9.980119705200195
10.872286796569824
11.02486801147461
9.885412216186523
9.567111015319824
9.51132583618164
10.203896522521973
11.265624046325684
10.653732299804688
9.534770011901855
8.016818046569824
9.602959632873535
11.407803535461426
8.535382270812988
8.764519691467285
10.684344291687012
9.699225425720215
10.16777229309082
8.21131420135498
9.811027526855469
8.439983367919922
9.490511894226074
9.8460111618042
10.613042831420898
8.3149995803833
9.300729751586914
9.16523265838623
10.868935585021973
9.038274765014648
10.935837745666504
10.372023582458496
9.527826309204102
9.793251991271973
10.359929084777832
8.721917152404785
9.600363731384277
9.992655754089355
9.715779304504395
10.457884788513184
9.062983512878418
10.636727333068848
8.896527290344238
11.454801559448242
8.406325340270996
10.889226913452148
6.474721908569336
9.898591995239258
10.651382446289062
7.457103729248047
10.824607849121094
8.842300415039062
9.923407554626465
8.66364574432373
10.782352447509766
9.092216491699219
10.064160346984863
8.182743072509766
10.542313575744629
9.432321548461914
9.153458595275879
9.322919845581055
9.35322380065918
10.0498046875
10.511557579040527
11.367698669433594
8.939990043640137
10.10543155670166
11.010912895202637
10.74148941040039
9.458653450012207
9.873641014099121
8.823875427246094
8.783324241638184
9.66201400756836
9.293606758117676
10.662116050720215
11.035183906555176
11.155671119689941
11.12131118774414
9.701866149902344
10.581725120544434
11.509272575378418
10.29155158996582
10.564935684204102
9.07279109954834
9.94796371459961
9.847280502319336
10.571046829223633
7.919114589691162
10.514041900634766
10.342926979064941
9.638118743896484
9.350451469421387
9.438968658447266
10.310465812683105
8.881925582885742
9.932589530944824
9.297459602355957
10.077947616577148
11.24619197845459
7.486042022705078
10.664756774902344
10.12863826751709
10.564520835876465
9.751852035522461
9.204401016235352
7.687073707580566
10.10158920288086
10.250431060791016
10.849148750305176
10.31173038482666
10.163593292236328
10.821695327758789
10.48061752319336
10.167926788330078
9.862607955932617
8.93429183959961
9.877556800842285
9.91472053527832
10.17611026763916
9.192620277404785
9.006890296936035
9.806766510009766
10.14232063293457
10.553213119506836
10.252989768981934
9.048715591430664
10.664860725402832
10.849692344665527
9.84188461303711
8.620659828186035
10.491180419921875
10.629508018493652
7.292011737823486
10.90798568725586
10.030473709106445
4.099536418914795
9.617324829101562
9.991865158081055
9.906021118164062
9.963741302490234
8.5350341796875
8.953725814819336
10.638078689575195
9.945947647094727
9.81965160369873
9.13662338256836
11.003937721252441
8.717692375183105
8.49174976348877
8.857993125915527
10.060246467590332
7.275752067565918
10.163082122802734
10.704439163208008
11.47687816619873
7.3896484375
9.571901321411133
10.274106979370117
9.742804527282715
10.861443519592285
9.856344223022461
9.907049179077148
7.707296848297119
7.402521133422852
10.099254608154297
11.016531944274902
11.169005393981934
9.322678565979004
9.683022499084473
10.383732795715332
8.904745101928711
9.8779878616333
9.245587348937988
9.843293190002441
9.320769309997559
10.26246452331543
9.412903785705566
8.862598419189453
10.092083930969238
9.435602188110352
10.947866439819336
7.178808689117432
11.199230194091797
10.133705139160156
11.156198501586914
10.517256736755371
7.897744178771973
9.311954498291016
10.942670822143555
9.6282958984375
10.589465141296387
9.109962463378906
10.506927490234375
11.035589218139648
9.302946090698242
9.42143440246582
10.446532249450684
9.534306526184082
9.974763870239258
10.175392150878906
9.587890625
9.788969993591309
9.66892147064209
10.397711753845215
9.393841743469238
10.190999984741211
9.836411476135254
10.740141868591309
9.68840503692627
10.25240707397461
8.884161949157715
10.345285415649414
10.382109642028809
10.01616382598877
10.11018180847168
8.257824897766113
8.015115737915039
10.221923828125
10.685090065002441
9.153618812561035
10.567537307739258
8.818950653076172
10.061296463012695
9.396719932556152
9.228604316711426
7.62411642074585
8.965685844421387
9.734957695007324
10.530172348022461
10.832321166992188
9.006232261657715
9.021780967712402
8.835762977600098
8.74727725982666
9.859689712524414
10.434680938720703
10.199651718139648
