0.025598986074328423
0.27738890051841736
1.712222695350647
0.7622644305229187
0.5294554829597473
1.064215064048767
1.0251802206039429
0.12255766987800598
1.6822515726089478
1.477997899055481
-0.058884888887405396
0.8491525053977966
-0.6318063735961914
1.4888482093811035
1.3912352323532104
-0.2585567831993103
0.5850550532341003
-1.4898842573165894
-0.6127172708511353
0.817320704460144
0.4091387093067169
1.1396766901016235
1.250733733177185
0.8213528990745544
0.31412869691848755
1.1756473779678345
0.7686105966567993
1.815334677696228
-1.05374276638031
0.4747617840766907
1.1174428462982178
2.0152792930603027
1.542551875114441
-0.13663281500339508
0.8810827732086182
-0.56695157289505
1.244887351989746
1.4401652812957764
0.43457168340682983
0.8508912324905396
0.39257705211639404
0.7315549254417419
-0.4225028157234192
-0.6433704495429993
1.3370461463928223
1.2932196855545044
0.9621692895889282
1.468680500984192
2.075493574142456
1.4453983306884766
0.9969114661216736
1.0093849897384644
1.1751306056976318
1.2160210609436035
1.1033613681793213
0.8917525410652161
0.7611672282218933
1.4309788942337036
-0.159695103764534
0.5988029837608337
0.45823314785957336
-0.10969752073287964
0.9699548482894897
0.9522693157196045
2.0519185066223145
-1.0199295282363892
1.1971757411956787
1.220435619354248
0.08648589998483658
0.9351096749305725
0.8462023735046387
-0.11617602407932281
1.2493783235549927
-0.3494405448436737
1.2858906984329224
1.0265896320343018
1.425104022026062
1.100124478340149
-0.4100629389286041
0.46421775221824646
0.9596047401428223
1.1625456809997559
0.8388799428939819
0.7328376173973083
0.12704409658908844
0.597068727016449
0.8934613466262817
0.7726039886474609
0.6832892298698425
1.5090053081512451
0.37069058418273926
2.802870750427246
0.3647049069404602
1.2476648092269897
0.7956944704055786
1.0726195573806763
0.9804448485374451
1.4091802835464478
2.057384967803955
0.6225079298019409
