0.24974285066127777
-0.09853735566139221
0.1948767900466919
0.28682127594947815
0.5124355554580688
0.015337934717535973
-0.20126472413539886
-0.46496134996414185
-0.009813493117690086
-0.08645316958427429
0.5513527989387512
-0.3238876461982727
-0.03775465115904808
0.8745938539505005
0.10721094906330109
-0.4735161364078522
0.007053966633975506
-0.6189376711845398
-0.11676175892353058
0.5583831071853638
0.43979644775390625
0.04866425320506096
0.5381608009338379
-0.3231103718280792
-0.09253426641225815
0.06784773617982864
0.11569857597351074
0.3117053806781769
-0.08508866280317307
0.03414032608270645
-0.044307220727205276
0.484868586063385
-0.3317040205001831
-0.4059848487377167
0.1955537497997284
0.3112500011920929
0.6004164814949036
0.34884828329086304
0.022044077515602112
-0.13318759202957153
0.762097954750061
-0.45804184675216675
-0.3504922091960907
0.020591646432876587
-0.09116967022418976
0.5757259726524353
0.2677150368690491
-0.11035634577274323
0.1916881650686264
0.551031231880188
-0.4329335689544678
-0.09127265214920044
0.3292056918144226
0.056380558758974075
0.9452800750732422
-0.6441097855567932
0.7304292321205139
0.6729462742805481
-0.18386299908161163
-0.2727983891963959
-0.5252110958099365
0.054742638021707535
-0.1477930098772049
-0.13133975863456726
0.3482743799686432
0.2528849244117737
0.4531305432319641
0.5428705215454102
0.04119768738746643
-0.01969071663916111
-0.2025124877691269
-0.07220201939344406
0.21331487596035004
-0.17838165163993835
-0.8090429306030273
0.02062121406197548
-0.7762746214866638
0.542493462562561
-0.6061278581619263
0.6973462700843811
0.09778933972120285
-0.017414353787899017
0.1997653692960739
-0.17623364925384521
0.6919093132019043
-0.3227710425853729
-0.5005970597267151
-0.260958194732666
-0.1384241282939911
0.5077189207077026
0.46972906589508057
-0.10794030874967575
0.6541823744773865
-0.14644579589366913
0.7158656120300293
-0.3859506845474243
0.26587462425231934
0.14481215178966522
-0.13152843713760376
-0.21874243021011353
0.26013267040252686
0.35947635769844055
0.6162172555923462
0.5340412259101868
-0.21078835427761078
-0.3336963951587677
-0.012939875945448875
0.03252427652478218
0.23599378764629364
0.14794161915779114
0.24322494864463806
-0.07144396007061005
0.43429771065711975
0.2519998550415039
0.3429909348487854
-0.24358589947223663
0.20252808928489685
1.037030816078186
0.3023281395435333
-0.42618343234062195
-0.24588137865066528
-0.262494832277298
-0.08590914309024811
0.11540491878986359
0.3334180414676666
