-0.21276628971099854
-0.10990241914987564
0.38764142990112305
-0.18600155413150787
0.7315483689308167
-0.042695026844739914
-0.4590050280094147
-0.11243423819541931
-0.4008147716522217
0.7272334694862366
-0.1971835494041443
0.07200907915830612
0.301340252161026
-0.07579052448272705
-0.17488300800323486
0.08820947259664536
0.4281090795993805
0.07557348161935806
0.5524589419364929
0.012445386499166489
0.5598770380020142
0.3070724904537201
-0.023961486294865608
0.48860591650009155
0.0056271920911967754
0.11721351742744446
0.04481491819024086
0.09841858595609665
0.08718329668045044
0.39257392287254333
-0.2633364200592041
-0.030491486191749573
0.8447840213775635
-0.2330285757780075
0.60280841588974
0.37333962321281433
0.2339581549167633
0.6368979215621948
-0.40919333696365356
0.45746663212776184
0.38478073477745056
1.0417301654815674
0.2328280210494995
0.2543075680732727
0.19195103645324707
0.0025562350638210773
-0.11341233551502228
0.20386019349098206
0.6898566484451294
0.2674883306026459
0.08082576841115952
1.1400797367095947
0.3180289566516876
0.10187309235334396
0.24983157217502594
0.1382036954164505
0.5103954672813416
1.4941737651824951
-0.03219517320394516
0.4468112289905548
0.5550267696380615
0.11317887902259827
-0.15946273505687714
0.32173681259155273
0.35228100419044495
-0.3319413959980011
-0.12190809100866318
0.6718621253967285
0.5574366450309753
0.5500802993774414
0.6025344729423523
0.12010811269283295
0.22195307910442352
0.2540421187877655
0.1354915201663971
0.21251574158668518
-0.3723563849925995
0.16170372068881989
-0.23414266109466553
-0.002685076557099819
0.0007311471272259951
0.1766882985830307
1.4082719087600708
0.7096335887908936
0.09344403445720673
-0.24696679413318634
0.5552079677581787
0.18961253762245178
0.5465643405914307
-0.5701425075531006
-0.10538496822118759
0.5115165114402771
-0.1812315583229065
0.09800469875335693
0.46639284491539
-0.2110082358121872
0.13996660709381104
0.2978789806365967
0.276467502117157
0.001822684658691287
0.13793747127056122
-0.39581575989723206
0.05679486691951752
-0.00831172987818718
0.6452951431274414
-0.44832804799079895
0.02466263435781002
1.2217131853103638
0.010472778230905533
-0.19194908440113068
0.6184567213058472
0.3423702120780945
-0.1670413762331009
0.6050230860710144
-0.05355416610836983
0.640251874923706
-0.35343602299690247
0.116869255900383
0.20992079377174377
0.09816543757915497
0.3602142632007599
0.1713433563709259
0.17053398489952087
-0.21774712204933167
0.022007081657648087
