7.981040000915527
6.065097808837891
4.822597980499268
4.521896839141846
6.498129367828369
4.490518569946289
9.66062068939209
8.646162033081055
6.281919956207275
6.393215656280518
4.840326309204102
4.598789215087891
6.153524398803711
6.536644458770752
7.066966533660889
4.602052211761475
7.258235931396484
9.398337364196777
10.644173622131348
7.284757614135742
9.659631729125977
9.275575637817383
7.198592185974121
7.495601654052734
6.9321770668029785
6.5418524742126465
7.095359802246094
8.172835350036621
8.121455192565918
4.849441051483154
7.884516716003418
7.130814552307129
7.498607158660889
7.969314098358154
8.422768592834473
6.60669469833374
8.339752197265625
9.922544479370117
9.92005729675293
7.940009117126465
7.047687530517578
4.497119426727295
9.74023151397705
6.8828816413879395
10.435426712036133
5.731640815734863
4.6389079093933105
5.896629333496094
7.4851579666137695
7.77877140045166
9.344625473022461
4.828068256378174
5.14943790435791
5.1316633224487305
8.980037689208984
7.448541641235352
10.310906410217285
5.926960468292236
9.378069877624512
7.649474620819092
7.011826515197754
3.1836636066436768
5.718987941741943
8.079620361328125
6.770157814025879
3.379061460494995
8.148859024047852
6.729333877563477
1.8690385818481445
7.114873886108398
7.3429036140441895
2.3839871883392334
9.505496978759766
7.836416244506836
11.13818359375
10.633588790893555
6.206079959869385
7.0875325202941895
5.090104103088379
9.092345237731934
8.555302619934082
7.747758388519287
4.014875411987305
6.931126594543457
7.2016377449035645
5.967533588409424
3.36665415763855
9.450445175170898
5.676337242126465
7.096167087554932
6.870123863220215
6.212336540222168
8.661438941955566
3.458188533782959
8.040804862976074
7.49127721786499
6.359253883361816
9.041731834411621
3.9241769313812256
11.175836563110352
8.136857032775879
9.187074661254883
6.68618106842041
3.6447505950927734
6.870964527130127
6.239264488220215
8.331015586853027
7.499651908874512
5.749270915985107
4.696988105773926
8.757201194763184
7.305821895599365
7.985771656036377
8.56873893737793
6.1028361320495605
7.694742202758789
10.169464111328125
6.8437323570251465
6.887558937072754
4.9716620445251465
7.563418865203857
4.963956832885742
5.42188024520874
4.899983882904053
4.099769115447998
7.75909948348999
5.173078536987305
7.718198299407959
8.194729804992676
3.140955924987793
4.1613569259643555
6.116665363311768
7.033852577209473
10.306309700012207
6.269515037536621
5.066364288330078
8.049325942993164
8.097760200500488
6.763757705688477
8.43598461151123
7.594571113586426
10.187113761901855
5.432617664337158
6.154376983642578
6.793613433837891
3.6855080127716064
7.77113151550293
4.312991619110107
5.563175678253174
8.670891761779785
7.353770732879639
3.2071709632873535
7.161957263946533
7.055078506469727
8.025602340698242
6.633151531219482
7.217939853668213
7.005312442779541
8.32157039642334
10.791561126708984
4.132437229156494
9.322770118713379
5.761136531829834
6.737797737121582
10.018852233886719
2.039454936981201
8.362740516662598
8.18789291381836
9.563597679138184
4.724639415740967
5.118670463562012
6.150683879852295
9.149972915649414
7.210254192352295
7.899425506591797
6.042196750640869
6.111850738525391
10.994489669799805
7.801832675933838
10.616056442260742
11.784262657165527
8.976733207702637
4.532736301422119
10.598143577575684
2.040242910385132
8.460454940795898
8.363572120666504
3.828545331954956
6.2382097244262695
7.275325775146484
8.90614128112793
7.919586658477783
10.759428977966309
9.438932418823242
9.757704734802246
6.078754901885986
9.378673553466797
6.197058200836182
8.840017318725586
6.679264545440674
4.582124710083008
9.979403495788574
6.633676052093506
8.51972484588623
7.3390936851501465
5.5185017585754395
5.761714935302734
9.347830772399902
6.339793682098389
4.165801525115967
5.207639694213867
6.394430637359619
5.884544849395752
9.038237571716309
5.065261363983154
4.3848395347595215
7.3948798179626465
11.523576736450195
6.047941207885742
4.332674980163574
8.056106567382812
7.844196319580078
10.188743591308594
8.272942543029785
7.409520626068115
6.412888526916504
8.356588363647461
5.103802680969238
8.992081642150879
7.208408355712891
3.1691513061523438
10.519030570983887
8.692806243896484
10.168725967407227
4.559046268463135
6.35369873046875
5.915163516998291
10.670303344726562
6.208852767944336
4.6767377853393555
5.412713527679443
6.331493377685547
6.5798749923706055
8.731806755065918
9.217728614807129
3.4069228172302246
7.5503010749816895
8.23742389678955
8.540696144104004
6.103449821472168
6.486939430236816
8.839997291564941
5.11666202545166
6.485513687133789
7.5621657371521
9.364716529846191
5.4711785316467285
6.518381595611572
6.153234004974365
4.984574317932129
10.996391296386719
2.654642343521118
7.454700469970703
10.194588661193848
7.9077043533325195
8.168693542480469
8.715828895568848
8.918045997619629
9.453938484191895
6.923720836639404
8.821127891540527
8.529928207397461
8.4725980758667
9.173873901367188
7.040294170379639
7.167325973510742
7.893965244293213
9.43702220916748
4.8084797859191895
7.7891106605529785
5.153363227844238
9.256508827209473
7.230515480041504
8.712835311889648
5.1203083992004395
6.692686080932617
6.141272068023682
9.935463905334473
8.951406478881836
9.404760360717773
7.141793727874756
5.920594215393066
9.0960693359375
8.88452434539795
6.044281482696533
7.746592044830322
6.908446788787842
5.3254008293151855
8.411802291870117
9.38029956817627
8.912835121154785
9.995716094970703
6.5945515632629395
4.146933078765869
9.860207557678223
7.057768821716309
8.6274995803833
7.296578884124756
5.35418176651001
7.906728744506836
8.635902404785156
8.11988639831543
7.647363662719727
5.976153373718262
4.089705467224121
5.547170162200928
8.798662185668945
8.381632804870605
4.584216594696045
8.177148818969727
9.558690071105957
8.630014419555664
1.683045744895935
4.707127571105957
7.955183982849121
7.937724590301514
9.0111083984375
6.0781097412109375
6.777939319610596
4.2338738441467285
7.715526103973389
5.455196380615234
5.9977946281433105
7.579887866973877
6.855434894561768
8.561188697814941
9.535470962524414
8.096620559692383
6.887495517730713
3.224642515182495
7.238155364990234
6.767163276672363
7.541779041290283
11.06125259399414
4.934908866882324
5.304939270019531
6.7714691162109375
2.95011043548584
7.175540447235107
2.7601523399353027
8.491249084472656
7.194814682006836
7.119026184082031
7.828929424285889
6.6116132736206055
8.562365531921387
8.569299697875977
3.9995553493499756
8.672099113464355
5.693205833435059
9.710927963256836
3.3624157905578613
6.446798801422119
4.096440315246582
4.101752281188965
9.44725227355957
7.850126266479492
8.533158302307129
5.646642208099365
1.4114172458648682
9.404523849487305
4.03260612487793
6.977758884429932
6.622661113739014
6.712101459503174
7.993418216705322
6.771790504455566
3.6572909355163574
6.689913749694824
5.362173080444336
5.517036437988281
3.287716865539551
4.076572895050049
4.284445762634277
4.071702480316162
7.356618881225586
7.440784454345703
6.58978796005249
8.024857521057129
7.599644660949707
3.96468186378479
2.078763723373413
4.286627769470215
5.804530143737793
9.450033187866211
4.374412536621094
5.346613883972168
11.336485862731934
5.195814609527588
4.1770148277282715
6.132264614105225
8.628183364868164
4.107293605804443
8.32204818725586
8.58614444732666
8.128531455993652
5.7264909744262695
7.666245937347412
4.745857238769531
5.2697248458862305
8.066637992858887
2.777906894683838
8.977919578552246
8.548932075500488
9.71382999420166
6.479862689971924
5.800422668457031
5.759003162384033
8.043998718261719
7.324036598205566
5.9684858322143555
8.87585163116455
9.294278144836426
6.697109699249268
5.3649983406066895
6.176611423492432
6.586111545562744
8.99033260345459
8.633049964904785
10.301912307739258
6.748240947723389
1.36201810836792
6.698003768920898
8.371674537658691
4.636812686920166
3.3266799449920654
5.20655632019043
5.667982578277588
3.463144540786743
4.315526008605957
5.533538818359375
4.392916679382324
4.708430767059326
9.34209156036377
6.811313629150391
2.208190679550171
8.317361831665039
8.061001777648926
5.038448810577393
10.956259727478027
6.227502822875977
5.985559463500977
4.423890113830566
9.728681564331055
8.599918365478516
7.911615371704102
9.085969924926758
8.713090896606445
7.606531620025635
6.882881164550781
8.545008659362793
7.159147262573242
7.090641498565674
9.2138090133667
5.715080261230469
5.795160293579102
6.117274761199951
5.615800857543945
8.9364013671875
7.848655700683594
10.047157287597656
3.2004151344299316
7.111292362213135
3.611405611038208
6.722624778747559
7.259030818939209
5.210451126098633
6.8384857177734375
5.0237860679626465
6.792144775390625
4.30482292175293
7.920543193817139
2.7640864849090576
7.17152214050293
6.324446678161621
9.053240776062012
5.5284929275512695
6.255310535430908
8.760645866394043
9.666913032531738
4.448694229125977
9.039994239807129
5.43714714050293
7.680127143859863
6.00110387802124
8.936546325683594
9.196426391601562
7.750483512878418
5.212063312530518
9.595088005065918
