-3.7241389751434326
-4.058190822601318
-3.7588891983032227
-3.2957887649536133
-4.581861972808838
-3.1082451343536377
-4.22334098815918
-2.5959510803222656
-2.9632718563079834
-3.4435019493103027
-4.210214614868164
-2.7462477684020996
-2.761583089828491
-3.811772584915161
-2.630284547805786
-3.8453493118286133
-3.4442546367645264
-3.9319722652435303
-3.0166585445404053
-3.910533905029297
-3.392317295074463
-3.3901031017303467
-3.446887731552124
-2.7231359481811523
-3.173158884048462
-3.0784475803375244
-4.557231426239014
-3.7075304985046387
-3.535804033279419
-3.6300742626190186
-3.75093150138855
-4.378378391265869
-2.578411102294922
-4.328198432922363
-3.2270216941833496
-4.303923606872559
-3.9465761184692383
-3.0437307357788086
-3.3212778568267822
-2.673158645629883
-2.7779252529144287
-3.208698034286499
-3.5635898113250732
-3.4109718799591064
-4.077859878540039
-3.183823823928833
-3.6388704776763916
-3.91695237159729
-3.1858248710632324
-3.2969532012939453
-3.7144784927368164
-3.6890711784362793
-2.5213799476623535
-3.8977785110473633
-4.0939764976501465
-3.1492011547088623
-2.467740058898926
-2.41872239112854
-4.062399864196777
-3.941563367843628
-3.460808515548706
-3.550921678543091
-4.036885738372803
-3.1442556381225586
-2.650036096572876
-3.125169038772583
-3.1357004642486572
-2.417527198791504
-3.6925997734069824
-3.8149096965789795
-3.965972661972046
-3.6969683170318604
-3.5648577213287354
-3.3667285442352295
-3.6883203983306885
-4.55783224105835
-2.8832716941833496
-3.619920253753662
-3.699009656906128
-3.360445737838745
-3.913177251815796
-3.9192233085632324
-3.708599090576172
-3.099829912185669
-3.3493118286132812
-4.0643439292907715
-4.485622882843018
-3.472330093383789
-4.1883440017700195
-3.5519587993621826
-3.655910015106201
-3.356052875518799
-3.850170135498047
-3.0295372009277344
-2.9360549449920654
-2.85392427444458
-4.198929309844971
-3.797529458999634
-3.0597190856933594
-3.9686214923858643
-3.500088691711426
-3.7203104496002197
-3.898750066757202
-3.714992046356201
-3.5584521293640137
-3.969573974609375
-4.68055534362793
-3.230983257293701
-3.98976731300354
-3.7706494331359863
-2.863077163696289
-3.816136121749878
-3.7144370079040527
-4.068488121032715
-1.9538387060165405
-3.3625688552856445
-2.882732391357422
-4.29793119430542
-4.202028751373291
-2.899646043777466
-4.095952033996582
-3.750454902648926
-3.6767961978912354
-3.5154571533203125
-4.1501641273498535
-3.7367982864379883
-3.7694687843322754
-2.5700106620788574
-3.7806193828582764
-2.615602493286133
-3.6741302013397217
-3.930454969406128
-3.6079533100128174
-3.4415268898010254
-2.9551498889923096
-3.3139383792877197
-3.373690128326416
-3.2034270763397217
-2.4380898475646973
-3.905043125152588
-3.846651792526245
-4.188177108764648
-2.3271520137786865
-3.2078123092651367
-3.8728830814361572
-2.1383774280548096
-2.401672840118408
-4.4155168533325195
-3.522806167602539
-3.779315710067749
-3.69659686088562
-3.1644856929779053
-4.076181411743164
-3.786360263824463
-2.880073070526123
-3.0599539279937744
-2.6490323543548584
-3.5525407791137695
-3.7846224308013916
-3.966586112976074
-4.1276960372924805
-1.6644922494888306
-2.5548486709594727
-3.600861072540283
-3.437349557876587
-3.590952157974243
-3.6083498001098633
-2.780182361602783
-4.236461162567139
-3.5536842346191406
-1.888225793838501
-3.9693210124969482
-1.6478745937347412
-2.422309160232544
-3.327059268951416
-3.955894947052002
-3.7040488719940186
-3.445124626159668
-3.401991128921509
-4.239653587341309
-2.2895472049713135
-2.9359493255615234
-4.068972110748291
-3.919670820236206
-3.8278346061706543
-3.7952356338500977
-4.40114688873291
-3.642451286315918
-3.983459949493408
-2.5739173889160156
-2.9172749519348145
-3.552159070968628
-3.0291523933410645
-3.144334316253662
-4.073615074157715
-3.5267746448516846
-3.1558315753936768
-3.959937334060669
-4.381108283996582
-3.7738380432128906
-3.425412654876709
-4.231810092926025
-3.445847988128662
-4.228176116943359
-3.6999106407165527
-3.8408522605895996
-2.7073934078216553
-2.324233293533325
-3.291466236114502
-3.261462450027466
-2.4955246448516846
-3.017491340637207
-3.3436975479125977
-3.701647996902466
-4.066525936126709
-1.881435751914978
-2.8027660846710205
-2.6040563583374023
-4.013433456420898
-4.110612869262695
-3.6765313148498535
-4.072452545166016
-3.5575618743896484
-3.6024630069732666
-2.565971851348877
-2.9806408882141113
-3.9233782291412354
-4.3829345703125
-2.4540088176727295
-4.43096923828125
-3.204721689224243
-3.421781063079834
-2.976559638977051
-2.4219658374786377
-3.766940116882324
-1.9756650924682617
-3.94730806350708
-2.33659029006958
-3.462803602218628
-3.269591808319092
-4.22393798828125
-3.627788543701172
-3.7002079486846924
-3.242011308670044
-3.1798646450042725
-3.174489736557007
-4.065205097198486
-4.33978796005249
-3.081646203994751
-3.0448479652404785
