-3.6722958087921143
-2.697460889816284
-2.990307092666626
-3.634047031402588
-3.396501064300537
-2.648007392883301
-4.0680389404296875
-3.2895634174346924
-3.6780965328216553
-3.770975112915039
-3.0883328914642334
-3.0035572052001953
-2.554955005645752
-3.8767237663269043
-3.6609554290771484
-2.2110414505004883
-3.9076998233795166
-4.387658596038818
-3.484646797180176
-3.6263725757598877
-3.2123568058013916
-3.7378580570220947
-3.310131788253784
-1.3145167827606201
-3.1005465984344482
-3.8281168937683105
-1.1600006818771362
-2.8291797637939453
-3.632904052734375
-3.883333444595337
-3.617076873779297
-3.873845338821411
-4.261209487915039
-3.351414442062378
-3.2736785411834717
-4.160483360290527
-2.892181396484375
-3.2638089656829834
-3.9432578086853027
-3.2611942291259766
-3.7630934715270996
-4.16151237487793
-4.04783296585083
-3.437640905380249
-3.2965714931488037
-1.9448399543762207
-4.3299665451049805
-2.7470436096191406
-4.099000930786133
-3.0229687690734863
-3.419299364089966
-4.0502028465271
-3.8718860149383545
-3.606276512145996
-3.365252733230591
-3.939911365509033
-3.66386079788208
-4.068458557128906
-3.148970127105713
-3.3545315265655518
-3.5084774494171143
-2.9595394134521484
-3.4676873683929443
-2.5313897132873535
-4.142109394073486
-3.456940174102783
-3.430199384689331
-4.340830326080322
-2.9628217220306396
-4.084375381469727
-2.908356189727783
-2.7308647632598877
-3.732801914215088
-3.8101627826690674
-3.691877603530884
-3.64961838722229
-3.1765031814575195
-4.289963722229004
-3.9248251914978027
-2.6606178283691406
-3.2034924030303955
-3.8956146240234375
-3.6712379455566406
-2.7202377319335938
-2.7397513389587402
-4.3340535163879395
-4.334027290344238
-3.8328866958618164
-2.5152223110198975
-3.4018259048461914
-3.4648494720458984
-2.759312152862549
-3.7446086406707764
-2.9817168712615967
-4.252314567565918
-3.598007917404175
-3.7106845378875732
-2.006685733795166
-3.642054557800293
-3.9770402908325195
-3.8260669708251953
-4.057234764099121
-4.532431125640869
-3.489356279373169
-2.598451852798462
-3.6661198139190674
-3.478849411010742
-4.315553665161133
-3.6836228370666504
-3.6196916103363037
-3.1363024711608887
-1.5988534688949585
-2.285029411315918
-3.1119420528411865
-3.795320749282837
-2.88346791267395
-3.3657748699188232
-4.444357395172119
-3.0379512310028076
-3.6717376708984375
-2.004859685897827
-2.3693981170654297
-2.3525211811065674
-3.3711390495300293
-3.771552085876465
-3.881382703781128
-2.793123483657837
-2.863297939300537
-2.674611806869507
-3.8152987957000732
-2.420207977294922
-3.4574403762817383
-2.841948986053467
-1.8619763851165771
-2.061103343963623
-2.9702160358428955
-3.0963521003723145
-2.819183111190796
-3.7295267581939697
-3.7099874019622803
-4.073259353637695
-2.703282594680786
-2.831202983856201
-3.162708044052124
-2.6635677814483643
-3.4438326358795166
-3.0070197582244873
-1.111831545829773
-3.017512321472168
-4.035865306854248
-2.2493462562561035
-3.1021687984466553
-4.116197109222412
-2.8298890590667725
-2.880280017852783
-2.305060625076294
-1.059974193572998
-4.097166061401367
-3.1063573360443115
-3.8203370571136475
-1.9162369966506958
-1.487292766571045
-2.627732515335083
-3.5933761596679688
-3.053882360458374
-4.12507963180542
-4.012415885925293
-3.625595808029175
-3.5607118606567383
-2.4459354877471924
-4.014307022094727
-4.373776912689209
-3.541147470474243
-3.6606218814849854
-3.041111707687378
-2.994447946548462
-3.6010735034942627
-3.2478206157684326
-3.950932741165161
-3.6133663654327393
-3.0379276275634766
-3.545577049255371
-4.114795207977295
-2.667438507080078
-3.8011116981506348
-4.226951599121094
-3.0365731716156006
-2.2369465827941895
-2.9299368858337402
-2.8862690925598145
-3.621652841567993
-3.6317660808563232
-3.8754992485046387
-3.416856288909912
-3.7840781211853027
-3.8098666667938232
-2.7278873920440674
-3.7376625537872314
-2.7050790786743164
-2.8527112007141113
-1.9171509742736816
-2.9076876640319824
-2.7367441654205322
-3.8809661865234375
-3.454601764678955
-4.792211055755615
-3.456428289413452
-3.0015971660614014
-2.7946829795837402
-3.2658627033233643
-3.975501298904419
-3.6712160110473633
-3.6079094409942627
-4.488409519195557
-3.013925552368164
-3.9803712368011475
-2.2871484756469727
-3.661844253540039
-2.5851502418518066
-3.4209344387054443
-3.712481737136841
-2.6654579639434814
-3.9230990409851074
-3.3140714168548584
-3.7528719902038574
-3.2230441570281982
-4.448838710784912
-3.9051692485809326
-3.2610161304473877
-2.4599454402923584
-3.4614384174346924
-3.6841464042663574
-2.662017822265625
-3.4032208919525146
-2.8145735263824463
-3.963872194290161
-3.37872576713562
-2.87990665435791
-2.2898001670837402
-2.865093231201172
-2.6583151817321777
-3.5457773208618164
-3.0952157974243164
-2.2496726512908936
-3.6535141468048096
-2.3310391902923584
-1.7263307571411133
-3.0315959453582764
-3.130774974822998
-3.202254056930542
