2.5364766120910645
3.7431955337524414
0.6085173487663269
4.054228782653809
2.783127784729004
4.419952392578125
2.4574320316314697
2.813483953475952
3.3382773399353027
3.987576484680176
2.870225429534912
3.360063076019287
3.5652523040771484
3.0056698322296143
4.9271321296691895
3.1704607009887695
3.5301132202148438
4.003401756286621
2.0627670288085938
1.8151932954788208
3.113685369491577
3.053467273712158
5.622066974639893
1.0363839864730835
5.740149974822998
2.87264347076416
3.813389539718628
4.371204376220703
4.736788749694824
2.7850542068481445
2.013568878173828
3.0119640827178955
0.6571667194366455
4.865572929382324
3.3469464778900146
4.296099662780762
3.764348268508911
2.8512377738952637
4.6704864501953125
3.870812177658081
6.016483783721924
3.493360996246338
3.4149112701416016
2.9963877201080322
2.6836047172546387
2.653211832046509
3.5438904762268066
3.532139539718628
4.215001106262207
3.803981304168701
3.4823145866394043
2.1382997035980225
4.654542922973633
3.0977487564086914
3.6402270793914795
4.731657028198242
2.166840076446533
4.634359836578369
4.125097751617432
3.202131509780884
3.543781042098999
3.3494348526000977
4.791449546813965
3.756842613220215
4.543515682220459
3.2273571491241455
3.997878074645996
3.489762544631958
3.3328475952148438
3.690080165863037
3.8452975749969482
4.903043746948242
4.137247562408447
5.080221176147461
4.440464973449707
7.096370697021484
1.0280901193618774
2.0087831020355225
4.190112113952637
4.29562520980835
4.646572589874268
3.6871533393859863
4.0675249099731445
3.942183494567871
4.287249565124512
4.093588352203369
3.3976924419403076
4.969110488891602
1.8153564929962158
3.073549509048462
4.600467681884766
4.934828281402588
6.445765972137451
5.194368839263916
3.1371779441833496
4.0138654708862305
4.859219074249268
4.817228317260742
4.5449042320251465
3.727363348007202
3.743171453475952
5.054172992706299
4.723601341247559
0.1402510404586792
4.333873748779297
3.391810655593872
4.311671733856201
4.7014079093933105
3.035078525543213
3.1610732078552246
4.609868049621582
3.6408090591430664
3.026468515396118
4.97039794921875
4.756434917449951
4.136857986450195
4.252754211425781
1.9470055103302002
3.70713472366333
5.852850914001465
3.9305636882781982
3.0717573165893555
3.8195464611053467
2.396528720855713
3.6371493339538574
3.8000659942626953
4.129961967468262
3.2831509113311768
3.998579263687134
1.2113010883331299
3.6769866943359375
3.9621965885162354
5.647080898284912
4.950754642486572
3.3748319149017334
3.7721428871154785
5.851217746734619
4.560297966003418
1.8185429573059082
2.965175151824951
6.8538007736206055
3.9183261394500732
4.607272148132324
4.110651969909668
2.8560068607330322
2.702415943145752
3.8405253887176514
4.405063152313232
3.1612226963043213
7.156871795654297
4.4310712814331055
1.7023730278015137
2.8046460151672363
2.9345641136169434
3.0040223598480225
4.030779838562012
3.777431011199951
1.840905785560608
4.769058704376221
3.7066264152526855
1.3421459197998047
2.5646464824676514
2.8053319454193115
3.908564567565918
2.054354667663574
1.7219098806381226
4.616659641265869
6.551061153411865
4.113447189331055
3.6472506523132324
3.552325487136841
5.204504013061523
2.7237906455993652
3.963317632675171
3.8792693614959717
3.4838297367095947
5.262237071990967
2.4365475177764893
4.117645263671875
1.0453122854232788
4.319726467132568
3.8860156536102295
4.620274543762207
6.1926960945129395
3.519470691680908
4.452322483062744
4.0165276527404785
2.7331416606903076
3.2888786792755127
4.979487419128418
2.7803304195404053
3.6476306915283203
5.226972579956055
3.602753162384033
3.922978639602661
2.4808077812194824
4.323487758636475
2.9569895267486572
1.8780725002288818
4.496323585510254
1.4038670063018799
1.1351746320724487
4.261159896850586
4.334107398986816
4.425108432769775
5.836137771606445
4.059822082519531
3.826136589050293
2.901923418045044
2.497130870819092
2.8945512771606445
3.505887508392334
4.891444683074951
3.62327241897583
3.2064049243927
4.483260154724121
2.3228580951690674
1.9662190675735474
4.015825271606445
3.472175359725952
1.4293063879013062
4.524856090545654
3.729064702987671
2.4332520961761475
4.392605781555176
1.8041138648986816
2.9035329818725586
4.430215835571289
2.3815553188323975
4.359428405761719
3.439789295196533
4.652260780334473
3.16137433052063
1.9890625476837158
2.951083183288574
3.029080390930176
2.0133936405181885
4.675002574920654
3.5577239990234375
4.376039028167725
5.157827854156494
4.654867649078369
3.445077419281006
2.1179895401000977
2.376389980316162
4.041983604431152
4.482348918914795
4.626669406890869
5.491438865661621
4.96336030960083
3.441593885421753
3.8207292556762695
1.9132194519042969
3.2019810676574707
3.162710666656494
3.0492396354675293
2.329404830932617
4.979278087615967
2.712594509124756
3.9678378105163574
5.290833473205566
5.124353885650635
3.0683603286743164
2.6712241172790527
4.196598529815674
3.9178085327148438
2.226386785507202
2.3665740489959717
3.247716188430786
3.4490840435028076
2.641975164413452
4.687644004821777
3.977703094482422
4.721655368804932
2.5022220611572266
3.457843065261841
4.0707831382751465
3.689988613128662
2.894104480743408
6.02025842666626
3.925626754760742
4.0553178787231445
5.150148391723633
3.947946071624756
3.0814318656921387
2.0447654724121094
4.475285053253174
3.116924524307251
5.896839141845703
4.7804856300354
3.0411226749420166
4.991177558898926
4.724289894104004
3.7033708095550537
3.3122470378875732
2.075335741043091
5.092119216918945
6.601182460784912
4.572380065917969
2.064290761947632
3.6457512378692627
3.659230947494507
3.659756660461426
3.200840711593628
4.041219234466553
2.3514373302459717
2.8976306915283203
3.0116312503814697
3.176130771636963
2.405893564224243
2.343604326248169
3.487468719482422
2.7598531246185303
3.015760660171509
4.479685306549072
1.7845628261566162
3.412889242172241
5.52631950378418
3.5036895275115967
6.608456611633301
1.952213168144226
1.910423994064331
3.6970508098602295
3.1602272987365723
2.2560722827911377
5.018195152282715
3.120151996612549
2.4176197052001953
4.182713985443115
3.380601167678833
4.67609977722168
3.1180739402770996
2.4823474884033203
3.079298496246338
2.8403337001800537
2.677706003189087
4.656215190887451
3.294109344482422
3.9720346927642822
4.130311012268066
2.767360210418701
4.557363986968994
2.4774651527404785
2.10478138923645
3.3426573276519775
4.2515869140625
3.124300241470337
2.7581546306610107
4.318684101104736
4.270043849945068
3.3938493728637695
3.1791226863861084
3.0895159244537354
3.843909978866577
3.243417739868164
4.01807975769043
3.4219515323638916
1.7590385675430298
4.24213981628418
2.461728096008301
4.274797439575195
3.68839693069458
5.829690933227539
4.090871810913086
3.86749267578125
4.813083648681641
3.5744099617004395
3.1060616970062256
3.613492012023926
4.050214767456055
2.3352303504943848
4.490403175354004
2.8932361602783203
2.7676990032196045
2.0762736797332764
1.9852360486984253
2.3860349655151367
3.4119508266448975
2.8654558658599854
4.316794395446777
2.6837198734283447
4.204596519470215
4.666943550109863
1.5455362796783447
4.5544891357421875
4.1419548988342285
5.84566593170166
2.442004919052124
3.7806429862976074
1.9643367528915405
3.632188320159912
2.844677686691284
2.736891031265259
3.1087117195129395
2.9071667194366455
3.387389898300171
3.5990352630615234
2.033660411834717
4.112015247344971
3.9330925941467285
4.180050373077393
2.4904837608337402
2.9900550842285156
3.651200771331787
2.575657606124878
1.3404041528701782
2.140061855316162
4.2245402336120605
4.394530296325684
4.575287342071533
4.202472686767578
1.1319599151611328
2.6638777256011963
2.7987964153289795
3.741971015930176
4.597034931182861
4.9764723777771
3.1449050903320312
4.74030876159668
2.281055450439453
4.013087749481201
3.6815459728240967
5.3219709396362305
3.9874184131622314
2.7662129402160645
3.824479341506958
4.000725269317627
3.799708843231201
3.3718268871307373
3.4511454105377197
5.010688781738281
2.937063694000244
3.31712007522583
1.7715861797332764
0.7133359909057617
2.510606050491333
2.083432912826538
4.430463790893555
2.2330424785614014
3.6509156227111816
4.47872257232666
3.9608676433563232
3.5268869400024414
4.057286739349365
2.6289420127868652
2.993302583694458
4.118042945861816
5.015895366668701
3.8861939907073975
3.4481897354125977
1.8911757469177246
4.6178998947143555
5.069180011749268
0.4219290316104889
3.8227596282958984
5.239988803863525
4.630438804626465
3.4059531688690186
6.738635540008545
2.904921531677246
4.114732265472412
2.2702133655548096
3.6393442153930664
2.168090581893921
2.069477081298828
4.54146671295166
4.166942596435547
1.6584970951080322
1.8055444955825806
3.482126474380493
3.0954673290252686
3.258456230163574
3.3478198051452637
3.898752450942993
4.428982734680176
3.3891522884368896
5.459887504577637
4.86449670791626
3.585207939147949
3.2559711933135986
4.059023380279541
2.533743143081665
3.8622021675109863
3.9185125827789307
3.5299911499023438
2.9624345302581787
3.853722333908081
2.986022710800171
3.9415194988250732
4.496815204620361
3.7604546546936035
4.575161457061768
3.859292984008789
3.7608675956726074
3.7154388427734375
4.985466480255127
4.416569709777832
3.95532488822937
2.540088415145874
3.4155445098876953
