2.980095624923706
5.2053070068359375
4.459578990936279
5.352283477783203
4.37786865234375
4.226773738861084
4.895650386810303
4.121932029724121
4.502134799957275
4.450423717498779
3.7317464351654053
5.027918338775635
6.1993255615234375
3.180629253387451
3.0289742946624756
4.58494234085083
3.9412732124328613
3.61712646484375
5.911664962768555
3.4604403972625732
3.4341952800750732
3.8177833557128906
4.730953216552734
2.9600870609283447
3.595933437347412
3.7447686195373535
4.926326751708984
4.069148063659668
2.8658790588378906
3.8097002506256104
4.612412929534912
4.49717378616333
4.024038314819336
5.542198181152344
5.638689041137695
3.761359930038452
3.834718942642212
4.021238803863525
4.2919464111328125
4.317525863647461
3.9200196266174316
3.272019863128662
4.082086563110352
5.370541095733643
4.59358549118042
5.296802043914795
3.8888607025146484
4.3535051345825195
5.243592262268066
4.45231819152832
5.213611602783203
2.989267587661743
3.409316301345825
5.115736961364746
4.287158966064453
4.30161714553833
2.5838358402252197
4.848140716552734
4.3222336769104
4.62920618057251
3.6676478385925293
4.249930381774902
4.466042518615723
6.594290733337402
3.590977430343628
5.572506427764893
4.421365737915039
3.290527105331421
4.925952434539795
4.78249454498291
3.534958600997925
2.5142693519592285
3.851405620574951
3.4405648708343506
5.134307384490967
5.778757572174072
4.987328052520752
4.147961616516113
3.8781604766845703
3.2891902923583984
4.765380859375
5.004068851470947
4.246272563934326
3.122563123703003
4.659595012664795
4.2352118492126465
5.208472728729248
4.9080119132995605
4.03696346282959
5.244734764099121
2.308527946472168
3.703826665878296
4.520826816558838
3.907155752182007
5.266765594482422
4.104935646057129
4.085137844085693
3.112837791442871
2.1296160221099854
4.70086145401001
4.009827136993408
4.639960289001465
3.0613644123077393
4.215193271636963
3.569035291671753
4.31534481048584
3.6782031059265137
3.840423345565796
5.740752696990967
2.5554702281951904
2.592491865158081
5.123993396759033
3.0128679275512695
3.7115085124969482
3.565591812133789
3.7934775352478027
4.530521392822266
4.217129230499268
2.8396494388580322
5.329466342926025
3.501455545425415
2.7746381759643555
4.651629447937012
2.6084184646606445
4.890017032623291
4.223085403442383
2.8038387298583984
4.0415754318237305
5.038700103759766
4.375814914703369
4.778383255004883
3.189232587814331
3.1485509872436523
4.834364414215088
1.4963384866714478
5.026845932006836
4.98642635345459
5.47818660736084
3.998070478439331
4.934873580932617
3.8873276710510254
3.854966640472412
5.588791847229004
3.7939326763153076
4.583226680755615
4.429140567779541
3.9831862449645996
4.255303859710693
5.7198567390441895
3.7665600776672363
4.761199474334717
2.4844961166381836
4.283594608306885
5.398895740509033
4.062060832977295
3.8393542766571045
3.8559412956237793
4.2922797203063965
3.3988423347473145
2.318669319152832
3.802042007446289
2.9894189834594727
4.215019226074219
3.5618205070495605
4.09862756729126
5.222622394561768
5.159448146820068
5.213266849517822
5.267107963562012
3.4629597663879395
3.542590856552124
3.7676217555999756
1.3905318975448608
4.766531944274902
1.9622416496276855
1.4764972925186157
4.803019046783447
4.2977614402771
2.6500911712646484
3.895620584487915
3.813288688659668
3.8972320556640625
3.5193233489990234
4.032558917999268
3.8262856006622314
3.451395034790039
4.1398725509643555
3.703383445739746
5.118093013763428
3.2475364208221436
4.775546073913574
6.722689151763916
5.353806972503662
3.4894793033599854
4.830568313598633
4.515730381011963
4.46047306060791
4.4056501388549805
3.9520721435546875
2.432849407196045
4.465847492218018
5.2227582931518555
4.98629093170166
4.260538578033447
4.6560163497924805
2.493040084838867
4.592193603515625
4.769857406616211
4.398277282714844
4.576746463775635
3.5503389835357666
4.112994194030762
4.632266521453857
4.428921699523926
6.140589237213135
2.774371862411499
5.1421403884887695
4.973261833190918
5.700505256652832
4.9300432205200195
4.402586936950684
3.38205623626709
3.0550761222839355
6.268958568572998
5.215582847595215
4.563892364501953
3.2980258464813232
4.8141984939575195
4.673374176025391
5.515316486358643
4.5735907554626465
3.9083197116851807
3.5762979984283447
5.063913822174072
1.403952717781067
3.5756478309631348
4.726803302764893
5.230353355407715
4.638120174407959
4.432919025421143
3.8020243644714355
5.385195255279541
3.0969555377960205
4.7788567543029785
4.159819602966309
3.8280603885650635
4.899258613586426
4.82732629776001
2.9498956203460693
3.6211085319519043
3.67832612991333
4.079514980316162
3.1171815395355225
4.263350486755371
4.665523529052734
5.085022926330566
3.059349298477173
3.9134421348571777
5.422085285186768
5.9697651863098145
4.555814743041992
4.093674659729004
4.478239059448242
3.403195381164551
4.354864120483398
6.279665470123291
3.494259834289551
5.575528144836426
3.622699499130249
2.983537197113037
4.394607067108154
2.9267313480377197
4.443851947784424
3.950463056564331
4.079148292541504
4.939881324768066
3.9763355255126953
4.92557430267334
4.7651519775390625
3.444901943206787
4.989640712738037
5.398290157318115
2.9291601181030273
4.805518627166748
4.337199687957764
2.3453316688537598
2.8754069805145264
5.235581398010254
3.320841073989868
4.200683116912842
4.500240802764893
0.43702566623687744
3.158937692642212
4.097774505615234
4.7162957191467285
4.61091947555542
3.2722864151000977
2.710724353790283
3.4264934062957764
5.9836344718933105
4.915604114532471
3.9242234230041504
7.1211323738098145
3.8587374687194824
4.6005144119262695
2.634181261062622
2.9001948833465576
4.553372383117676
4.731500148773193
4.834433555603027
3.9235169887542725
4.276055812835693
5.520606994628906
2.864825487136841
5.528588771820068
3.5894601345062256
4.564530849456787
3.304922103881836
2.9553403854370117
5.129640579223633
6.142945289611816
4.346084117889404
6.103787422180176
3.0370798110961914
4.391783714294434
1.7115190029144287
2.4682352542877197
2.4626877307891846
3.1096649169921875
5.047030448913574
6.433488845825195
3.876312017440796
5.338930606842041
4.408730983734131
4.314962387084961
3.922846794128418
3.7282605171203613
4.992060661315918
4.65142297744751
4.186539173126221
2.9874632358551025
4.99946403503418
5.347660064697266
6.195270538330078
3.9144320487976074
5.3941755294799805
4.878814220428467
3.9437899589538574
4.397790431976318
3.71197509765625
6.019354343414307
3.9143059253692627
2.134242057800293
3.9514055252075195
4.9176554679870605
4.178829669952393
3.504669666290283
5.500172138214111
3.072553873062134
4.474702835083008
3.2438104152679443
4.385563373565674
5.3576788902282715
4.163588047027588
5.6219162940979
5.351912975311279
4.672809600830078
3.971379518508911
4.150231838226318
3.329274892807007
2.67641544342041
4.414846420288086
4.6482253074646
5.149837017059326
3.2913224697113037
3.840223789215088
2.8876900672912598
4.149497032165527
4.119513988494873
4.823815822601318
2.1551525592803955
2.637868642807007
4.672584533691406
2.525373697280884
2.9714393615722656
5.5041422843933105
4.84538459777832
6.014967441558838
1.417823076248169
2.64129900932312
5.66727876663208
4.874951362609863
3.7692909240722656
6.015702724456787
3.1486024856567383
4.734473705291748
4.7617950439453125
3.2866158485412598
3.8175530433654785
1.0090141296386719
3.326963424682617
2.1192705631256104
4.068117141723633
1.4065698385238647
4.218826770782471
4.303713798522949
4.612295150756836
3.6125741004943848
5.34011173248291
2.5612952709198
2.573312759399414
5.080502510070801
5.785915851593018
4.790555000305176
3.1740336418151855
2.8389806747436523
3.807698965072632
4.222555637359619
5.362026691436768
2.4746034145355225
2.4040048122406006
4.961859703063965
3.289740800857544
4.830776691436768
2.3719472885131836
3.107877254486084
3.9478280544281006
6.103208065032959
1.7529765367507935
3.0716469287872314
4.806040287017822
4.721454620361328
5.085485935211182
4.810798645019531
5.915072917938232
3.2277567386627197
5.207618713378906
3.1950762271881104
3.9643373489379883
4.146897792816162
3.898658037185669
4.85884428024292
3.412776231765747
3.760277509689331
4.248003005981445
4.657158374786377
5.205650329589844
4.997683525085449
4.411229133605957
6.9408955574035645
2.9195525646209717
2.7106804847717285
4.684776306152344
5.933653831481934
4.614387512207031
2.2071709632873535
4.367983341217041
5.451473236083984
4.910491943359375
4.087111949920654
3.599562644958496
5.118706226348877
4.769278049468994
4.260343551635742
2.7962610721588135
3.238607406616211
3.7738122940063477
4.635247707366943
2.0143086910247803
5.016680717468262
4.350344181060791
5.066898822784424
4.1544718742370605
4.082648754119873
1.2299047708511353
5.120695114135742
4.827975273132324
4.707505226135254
4.948132514953613
3.934628486633301
3.7978503704071045
5.792270660400391
4.23946475982666
5.448066711425781
3.2015795707702637
2.2810826301574707
4.131216049194336
4.396423816680908
3.5293564796447754
3.564944267272949
3.4453158378601074
4.773726463317871
4.879786014556885
5.172014236450195
3.791266441345215
4.788998126983643
4.520909309387207
4.2278265953063965
4.83722448348999
5.055547714233398
