6.834444999694824
9.538606643676758
8.381646156311035
7.041146755218506
6.991281032562256
9.098383903503418
8.707223892211914
9.145262718200684
9.503775596618652
9.629472732543945
7.430444717407227
6.480556964874268
9.05610466003418
8.054244995117188
7.661274433135986
9.012354850769043
9.897930145263672
9.762636184692383
11.365447044372559
10.639220237731934
8.287823677062988
6.950282573699951
9.539756774902344
10.439964294433594
8.690545082092285
6.679096698760986
9.62663745880127
9.320100784301758
8.808932304382324
9.340232849121094
9.764301300048828
10.242486000061035
9.027700424194336
9.300490379333496
7.599568843841553
10.490717887878418
6.2665324211120605
9.709670066833496
7.391935348510742
9.550585746765137
9.76779842376709
3.241560935974121
9.410088539123535
9.521607398986816
8.741381645202637
8.816193580627441
9.855355262756348
7.8901448249816895
7.713407516479492
8.575224876403809
10.295021057128906
9.614204406738281
8.506307601928711
8.377416610717773
6.925489902496338
8.811007499694824
8.092252731323242
9.699124336242676
7.1672210693359375
10.374244689941406
7.639336109161377
8.67675495147705
11.130916595458984
7.883111953735352
7.6187639236450195
7.298740386962891
7.631688117980957
6.52949333190918
5.907680988311768
8.908928871154785
8.803475379943848
7.947384834289551
8.117743492126465
5.288784980773926
9.30392837524414
7.9990234375
7.976840972900391
8.867053985595703
6.68445348739624
5.223745346069336
7.901418685913086
8.687637329101562
9.848867416381836
11.505398750305176
8.41866397857666
9.42496109008789
7.873187065124512
8.866307258605957
10.567679405212402
9.811272621154785
9.018803596496582
9.44674015045166
10.40066909790039
11.232467651367188
8.232410430908203
11.07548999786377
9.788368225097656
7.227313041687012
5.085187911987305
7.869475364685059
11.435426712036133
9.548393249511719
8.783360481262207
8.858269691467285
6.603253364562988
8.412551879882812
9.960686683654785
9.109201431274414
7.929513454437256
7.97272253036499
8.496722221374512
7.654324054718018
9.21692180633545
10.512983322143555
9.218194007873535
10.536446571350098
8.315705299377441
8.541688919067383
10.466277122497559
7.425096035003662
9.840169906616211
5.94504451751709
10.427475929260254
9.380005836486816
7.662816047668457
10.421685218811035
9.999387741088867
9.117640495300293
8.982386589050293
8.634458541870117
7.899329662322998
6.301935195922852
7.351046562194824
10.602254867553711
10.004463195800781
9.217555046081543
9.42677116394043
11.385322570800781
7.195620059967041
8.879569053649902
6.714644432067871
9.863411903381348
7.803877353668213
7.555734157562256
8.865452766418457
8.39155101776123
7.944507122039795
5.785803318023682
7.026114463806152
8.327756881713867
8.76663875579834
7.633176326751709
8.656067848205566
8.605683326721191
8.77413272857666
8.996075630187988
8.270751953125
8.640018463134766
6.765933990478516
9.229509353637695
10.694580078125
5.658383846282959
9.88825511932373
8.623822212219238
9.471211433410645
9.170599937438965
7.372804641723633
10.841364860534668
7.7615065574646
8.480034828186035
8.958444595336914
11.051041603088379
6.927811145782471
9.351253509521484
10.411864280700684
7.8674397468566895
9.686835289001465
10.14361572265625
6.398471832275391
9.399381637573242
9.060229301452637
12.766677856445312
8.991531372070312
8.495083808898926
7.777876377105713
9.79291820526123
11.19304370880127
9.493617057800293
9.927724838256836
5.589741230010986
7.884726524353027
8.354723930358887
10.167573928833008
9.539094924926758
9.566055297851562
11.245329856872559
10.2011137008667
5.5353102684021
9.83914566040039
7.099194526672363
6.534481525421143
8.222537994384766
9.249595642089844
7.45673131942749
7.388920307159424
9.429903030395508
8.898924827575684
8.372993469238281
10.507079124450684
7.183933258056641
7.726199626922607
6.863073825836182
7.569897651672363
9.750824928283691
8.297717094421387
10.159603118896484
6.663187503814697
9.05879020690918
7.849961757659912
7.7518310546875
9.027790069580078
8.991332054138184
9.6765775680542
9.843947410583496
7.803880214691162
10.967402458190918
7.248171329498291
4.259801864624023
8.530582427978516
9.650765419006348
7.577952861785889
10.1787748336792
7.063696384429932
10.643643379211426
8.206231117248535
6.574762344360352
6.891613006591797
7.0919623374938965
9.965066909790039
8.72445297241211
8.260377883911133
8.406256675720215
6.554586410522461
7.273810386657715
9.817061424255371
9.353860855102539
6.658179759979248
12.085006713867188
9.153190612792969
9.10049819946289
7.867087364196777
8.688966751098633
5.758859157562256
7.242277145385742
8.393284797668457
7.009819507598877
9.267580032348633
7.988178253173828
8.961775779724121
9.079628944396973
8.366175651550293
8.151998519897461
9.74063491821289
7.342850208282471
9.291681289672852
8.987624168395996
10.719487190246582
5.347530841827393
7.911769390106201
9.512089729309082
10.260379791259766
6.77035665512085
7.029928684234619
10.175213813781738
10.430628776550293
10.029891967773438
7.4744648933410645
8.689659118652344
9.719703674316406
10.03939151763916
8.406940460205078
7.9021501541137695
10.26989459991455
6.6225810050964355
6.369495391845703
7.6022138595581055
9.59782600402832
9.876100540161133
8.06506061553955
8.523741722106934
6.978992462158203
3.480100631713867
8.623005867004395
9.30677604675293
8.193304061889648
9.799614906311035
7.346033573150635
10.270867347717285
9.379619598388672
9.659448623657227
8.886582374572754
7.632645130157471
6.560384273529053
10.374552726745605
5.514544486999512
7.509296894073486
8.420145034790039
8.838468551635742
7.593907356262207
8.7184476852417
8.969977378845215
7.3942694664001465
10.217490196228027
6.890868663787842
8.652703285217285
8.161155700683594
8.622132301330566
7.84156608581543
6.977571964263916
8.643671035766602
7.314935207366943
11.394821166992188
10.58525276184082
7.911701202392578
8.094030380249023
6.250165939331055
7.904923915863037
7.267611026763916
4.959892749786377
8.982475280761719
9.979378700256348
10.15459156036377
8.452594757080078
8.668854713439941
10.939749717712402
8.478730201721191
9.91756820678711
9.100323677062988
9.270960807800293
8.048273086547852
8.126856803894043
6.0608978271484375
9.567926406860352
8.625556945800781
10.37807846069336
10.514164924621582
9.58028793334961
11.382757186889648
5.290590763092041
8.913651466369629
9.287996292114258
9.929636001586914
8.328617095947266
9.338871002197266
7.117767333984375
8.569478988647461
7.795256614685059
10.488550186157227
8.1764554977417
7.496776103973389
6.596638202667236
9.011381149291992
7.63661003112793
9.196686744689941
9.387008666992188
8.8941011428833
9.514432907104492
9.08853530883789
10.25093936920166
7.06068229675293
9.326432228088379
9.005352020263672
10.915977478027344
5.379965782165527
6.969149112701416
8.476095199584961
8.591135025024414
6.013321876525879
6.4628119468688965
9.470686912536621
10.944679260253906
9.260953903198242
9.657591819763184
7.463556289672852
8.40839672088623
8.561029434204102
10.673893928527832
9.740226745605469
8.374460220336914
9.834782600402832
8.293437957763672
9.760465621948242
7.821401596069336
10.046796798706055
9.267065048217773
8.911125183105469
8.98728084564209
7.431887149810791
10.137478828430176
5.8582234382629395
5.380307197570801
9.320367813110352
10.69247055053711
7.953896522521973
10.59099292755127
9.460200309753418
8.725262641906738
8.609167098999023
12.266090393066406
7.384159564971924
7.679124355316162
11.520112991333008
9.037203788757324
7.668032646179199
9.468035697937012
9.45767879486084
8.984103202819824
6.652292728424072
9.075860977172852
7.465961456298828
9.413637161254883
9.120866775512695
7.831172943115234
9.70877742767334
8.404312133789062
8.082804679870605
7.765927791595459
9.867392539978027
8.235631942749023
10.621743202209473
7.422056674957275
4.813679218292236
7.945425033569336
5.917466640472412
7.964859485626221
7.04899263381958
9.532114028930664
7.855705738067627
6.891894817352295
10.15626335144043
6.785494327545166
9.5157470703125
8.141898155212402
7.881732940673828
11.463150024414062
7.947490215301514
10.443275451660156
10.098909378051758
7.094440460205078
6.408492088317871
6.589807987213135
7.921865463256836
9.221417427062988
7.277584075927734
6.195729732513428
7.485614776611328
8.294807434082031
9.218515396118164
7.83842134475708
9.111998558044434
10.409637451171875
9.200913429260254
8.849067687988281
9.250819206237793
9.673073768615723
7.397563457489014
8.975118637084961
6.091485977172852
8.551151275634766
11.22265338897705
9.750458717346191
7.892239570617676
4.885440349578857
7.229150772094727
7.895641326904297
11.331347465515137
8.435079574584961
9.057340621948242
10.329240798950195
8.969730377197266
7.003493785858154
11.274459838867188
10.468095779418945
8.391283988952637
8.04317569732666
8.199665069580078
7.050573825836182
10.126509666442871
10.742330551147461
8.221613883972168
7.643509387969971
7.058159351348877
9.569305419921875
7.844367027282715
7.227405071258545
9.755410194396973
8.392280578613281
7.635820388793945
9.033889770507812
10.018670082092285
