5.556295394897461
1.9456449747085571
3.687981128692627
4.118830680847168
4.657354354858398
5.077291488647461
8.220183372497559
9.385405540466309
7.35469913482666
5.688992023468018
7.009433746337891
6.528090476989746
5.890857696533203
4.839176177978516
4.650568008422852
5.038177967071533
5.538089275360107
8.110260963439941
7.038156032562256
7.869778633117676
9.23257064819336
9.873153686523438
5.506909370422363
6.419259071350098
6.573291778564453
4.870090484619141
6.506401538848877
6.213785171508789
10.463500022888184
0.8401145339012146
6.739755153656006
7.961515426635742
6.506049633026123
7.207294940948486
9.240633010864258
5.1775922775268555
5.175555229187012
12.503707885742188
8.15820026397705
6.818958759307861
7.508522987365723
6.27003288269043
8.50324535369873
4.196710109710693
10.635902404785156
2.7404074668884277
5.150019645690918
6.801980018615723
3.158663749694824
7.428338527679443
8.32254409790039
5.1251091957092285
0.5912027359008789
4.382261276245117
7.184861660003662
6.793909072875977
10.23086166381836
5.1326398849487305
8.271723747253418
10.290436744689941
8.26741886138916
5.695252895355225
6.1605448722839355
10.690227508544922
6.621443271636963
2.946895122528076
8.141056060791016
5.65661096572876
4.136643886566162
4.806075096130371
6.495460033416748
2.391183376312256
6.729005813598633
6.2208571434021
7.828020095825195
8.636306762695312
8.6095609664917
7.872427940368652
4.943215847015381
9.076364517211914
7.623281478881836
8.625188827514648
2.1750760078430176
5.205167293548584
8.267401695251465
6.024543762207031
4.114351749420166
8.530521392822266
5.171176910400391
4.537369728088379
4.018349647521973
6.2394795417785645
8.29255485534668
4.025529861450195
3.598539352416992
7.685630798339844
7.993780136108398
10.290651321411133
4.264871597290039
8.025629043579102
6.207358360290527
11.054464340209961
5.928055763244629
5.2005720138549805
5.921494960784912
4.823028564453125
6.358400344848633
6.299652576446533
5.482535362243652
3.728339910507202
2.4852359294891357
5.967741012573242
8.215818405151367
11.182393074035645
5.776872634887695
7.4350666999816895
4.401247501373291
6.183549404144287
4.228231430053711
5.409814357757568
7.257744312286377
6.256532192230225
3.718576431274414
5.151727676391602
3.2093043327331543
3.7090747356414795
7.419663906097412
6.144108772277832
5.974645137786865
3.7615983486175537
2.926332950592041
8.871664047241211
6.179762363433838
7.522712707519531
6.827530384063721
5.501779079437256
7.845564365386963
8.844274520874023
7.885667324066162
6.214141368865967
6.383240699768066
8.939750671386719
5.666787147521973
4.496616840362549
6.592633247375488
2.612961530685425
8.060769081115723
2.1893503665924072
5.109885215759277
5.748225212097168
4.789393424987793
4.315154552459717
5.481373310089111
6.740298271179199
6.751784801483154
3.8773772716522217
7.611110210418701
6.315061092376709
10.444639205932617
6.591916561126709
2.711834669113159
8.896953582763672
5.917195796966553
8.325901985168457
9.414579391479492
4.183526515960693
8.37094783782959
8.519871711730957
7.267645835876465
3.157440185546875
5.52817964553833
7.424951553344727
6.886518955230713
7.794322967529297
0.5283358693122864
3.721652030944824
5.773375034332275
6.946121692657471
7.580000877380371
7.906930446624756
7.761974334716797
7.676174640655518
4.842881679534912
8.949728965759277
1.5473214387893677
7.790121555328369
7.041112422943115
4.660807132720947
4.124348163604736
10.31871223449707
5.0590691566467285
8.330986976623535
7.54830265045166
8.675901412963867
7.39320182800293
6.035009384155273
7.843514919281006
7.337375640869141
7.897635459899902
4.213035583496094
3.0839619636535645
8.812353134155273
6.318979740142822
6.20728874206543
6.151103496551514
6.9343695640563965
5.127701282501221
8.371589660644531
4.40907096862793
4.680576324462891
0.4306435286998749
5.637712001800537
2.4972856044769287
7.663947105407715
4.481985092163086
5.317331790924072
10.43183422088623
8.933858871459961
7.711775779724121
2.801151990890503
9.44768238067627
7.923403739929199
9.428202629089355
6.015422344207764
6.481411933898926
4.663171768188477
6.806697845458984
5.3957319259643555
6.990669250488281
9.23390007019043
3.7199244499206543
8.605805397033691
5.174254894256592
9.033284187316895
7.819310188293457
5.029970169067383
6.168486595153809
7.949926853179932
7.752192497253418
5.550586700439453
2.422600269317627
6.2107062339782715
7.4913330078125
6.511399745941162
7.575562477111816
4.401121616363525
10.876145362854004
9.451016426086426
8.604305267333984
6.351108551025391
8.985490798950195
9.536779403686523
2.3782105445861816
6.7114949226379395
6.774724006652832
8.507489204406738
4.090805530548096
5.542275428771973
5.503323078155518
5.776510715484619
7.9088568687438965
5.255961894989014
7.742265701293945
7.481687068939209
9.333304405212402
7.020009994506836
10.294318199157715
6.738665580749512
7.191652774810791
6.464209079742432
10.689841270446777
6.953013896942139
4.7916131019592285
9.758079528808594
6.297335147857666
4.520593166351318
8.616765022277832
6.915496349334717
5.831790447235107
6.521200656890869
3.963573455810547
10.408801078796387
7.704415798187256
6.109349727630615
3.804957389831543
5.9421772956848145
4.8982086181640625
7.372217178344727
6.550442695617676
11.270352363586426
7.113821029663086
4.7875165939331055
8.321392059326172
8.957934379577637
6.793813228607178
8.904251098632812
4.649073123931885
2.9090211391448975
8.06389331817627
9.1373291015625
5.550952434539795
10.341619491577148
4.954920291900635
4.5748796463012695
8.176827430725098
8.030816078186035
8.548554420471191
5.241698265075684
5.052866458892822
9.393600463867188
7.233287811279297
5.209075450897217
7.593250274658203
5.156034469604492
4.7233195304870605
5.462357521057129
7.5879411697387695
7.286871910095215
5.079677581787109
4.405642032623291
5.264719009399414
8.29963493347168
3.9676904678344727
6.927453994750977
5.826002597808838
9.50025463104248
8.639874458312988
5.074939250946045
7.004973411560059
2.538661003112793
7.444087028503418
7.674549102783203
4.375901222229004
4.430389404296875
5.44347620010376
5.662265777587891
8.674564361572266
4.427236080169678
6.5366034507751465
3.4864633083343506
6.91676139831543
5.331700801849365
6.826844215393066
7.44635534286499
7.756827354431152
6.062605857849121
6.132510662078857
5.464788436889648
5.749311447143555
4.3978800773620605
5.850391864776611
10.176934242248535
6.379685401916504
9.288965225219727
6.248859882354736
9.055602073669434
8.155022621154785
4.255198955535889
9.270445823669434
4.776249885559082
9.38383960723877
3.973210096359253
5.490645408630371
6.285009860992432
2.045417070388794
7.0767059326171875
7.187796592712402
8.572325706481934
7.937064170837402
2.5531747341156006
8.96031379699707
7.426305294036865
8.263228416442871
7.521623611450195
6.823342323303223
7.295190811157227
5.857448577880859
3.9546704292297363
5.903182029724121
0.3632909655570984
4.631139278411865
2.648681402206421
2.631237745285034
4.631594181060791
5.133536338806152
6.503808975219727
7.698080539703369
6.2931671142578125
5.577760696411133
4.5478010177612305
4.34293794631958
2.2005975246429443
6.943416595458984
5.600020885467529
11.082979202270508
5.9525370597839355
3.2734575271606445
7.514487266540527
4.1733903884887695
5.014108180999756
3.6050164699554443
8.200888633728027
3.423060894012451
9.30859088897705
6.12055778503418
2.2090349197387695
6.001121520996094
9.719889640808105
3.9779655933380127
3.707474946975708
4.853625774383545
4.303112030029297
7.204498291015625
6.235662937164307
11.04350757598877
6.832186222076416
5.550374507904053
5.377712726593018
5.971518516540527
7.368762969970703
6.31890869140625
7.452412128448486
7.011119365692139
6.783288955688477
5.073591709136963
2.203680992126465
4.920704364776611
7.678238391876221
6.484623908996582
7.336736679077148
5.235240459442139
-0.5774694085121155
2.499154806137085
7.625330448150635
6.854691505432129
3.9021363258361816
8.00483226776123
7.576959609985352
3.9655189514160156
5.56071138381958
1.739227294921875
2.6109046936035156
0.9870888590812683
7.769383907318115
9.171374320983887
1.8649728298187256
11.56666088104248
6.420558452606201
7.588931083679199
7.808234214782715
4.869455814361572
5.934089660644531
3.7279679775238037
9.17251968383789
6.736069202423096
8.124019622802734
9.14647388458252
6.802542209625244
4.790518760681152
6.5730366706848145
5.889395713806152
10.104585647583008
8.625186920166016
8.451201438903809
6.4355645179748535
3.362187147140503
4.817200660705566
0.017996378242969513
9.825251579284668
6.739804744720459
7.103160381317139
5.562216281890869
7.654821872711182
4.733148574829102
5.35501766204834
6.8320770263671875
5.407007217407227
5.88238000869751
5.173397064208984
6.972949981689453
5.314980506896973
6.071578502655029
4.891505241394043
7.383433818817139
4.903800010681152
7.069956302642822
6.21804141998291
5.36372184753418
10.854358673095703
9.310626983642578
1.7211552858352661
7.406152725219727
8.826998710632324
9.177237510681152
9.722599983215332
8.913627624511719
5.893509864807129
7.309176445007324
8.021733283996582
7.060916423797607
