3.7767527103424072
3.771247625350952
2.875683546066284
2.2262799739837646
4.074560642242432
2.3755171298980713
3.1043434143066406
4.720031261444092
4.508527755737305
3.856945037841797
3.1534805297851562
4.028970718383789
3.5602548122406006
2.367433786392212
3.7706706523895264
2.4006519317626953
5.468013763427734
2.73004412651062
3.3107964992523193
4.259271621704102
3.6718287467956543
5.014459609985352
3.534715175628662
1.9799216985702515
3.229534149169922
3.15866756439209
3.691561460494995
4.139037609100342
4.100637435913086
3.563908815383911
2.449669599533081
2.727804183959961
2.514173746109009
6.0265374183654785
4.937985897064209
2.9826364517211914
4.543800354003906
2.81846284866333
1.8946926593780518
4.0748796463012695
4.173673629760742
4.098700523376465
4.034744739532471
0.7881819605827332
3.9071199893951416
3.7774667739868164
2.847659111022949
3.231259822845459
4.394711017608643
3.815603017807007
2.9737229347229004
2.6834638118743896
4.010948181152344
3.6376750469207764
3.063328981399536
2.025315761566162
6.225263595581055
2.8128862380981445
3.010571241378784
4.167413711547852
3.9571692943573
4.523241996765137
4.683330059051514
4.196098804473877
3.8014612197875977
2.055499315261841
0.6122041940689087
4.07568883895874
4.032661437988281
4.20863151550293
3.0349295139312744
2.3965771198272705
4.635293960571289
2.838536500930786
3.8199546337127686
3.278324604034424
3.464181900024414
1.985986590385437
3.267265796661377
3.1389963626861572
3.9912028312683105
3.799767255783081
2.952200174331665
3.851588249206543
3.328388214111328
1.5927608013153076
3.2789523601531982
3.4810290336608887
4.08994722366333
5.240190505981445
2.6522185802459717
3.560044527053833
3.554532051086426
2.4526171684265137
5.0659942626953125
4.355579376220703
5.123302459716797
2.666741371154785
3.5623974800109863
3.4821126461029053
2.863391399383545
4.992141246795654
4.16920804977417
3.0673937797546387
3.3983118534088135
2.7832930088043213
4.0268378257751465
3.1490254402160645
2.9571850299835205
2.4563186168670654
5.84859561920166
3.7133147716522217
3.7341415882110596
3.619097948074341
2.5541739463806152
3.3143317699432373
4.16121244430542
4.371986389160156
4.101767539978027
4.065240859985352
3.9235002994537354
3.7432100772857666
2.884974241256714
0.8860483765602112
2.673185348510742
2.9609997272491455
3.4337618350982666
3.7951464653015137
3.2945291996002197
3.1049015522003174
3.3335120677948
4.879183769226074
4.363734245300293
4.951484203338623
3.80271577835083
3.1261773109436035
5.108740329742432
4.117610454559326
3.993894100189209
4.0413103103637695
3.9738128185272217
1.8450809717178345
2.1886768341064453
5.938170433044434
5.727940082550049
3.4515528678894043
4.059709548950195
2.7128655910491943
3.1475679874420166
3.3373215198516846
3.313589334487915
2.0304293632507324
5.709017753601074
5.5594587326049805
4.745182514190674
3.7533655166625977
3.5859501361846924
3.26846981048584
4.394232273101807
1.0943747758865356
3.445023775100708
3.3563072681427
3.1001152992248535
3.994419813156128
4.900493621826172
4.474195957183838
1.07395601272583
4.193199634552002
3.1228067874908447
2.667614221572876
5.142284870147705
4.369524002075195
3.3303139209747314
3.379655599594116
4.758860111236572
2.993565797805786
5.963195323944092
3.7904374599456787
3.722623825073242
1.5779114961624146
2.764582633972168
3.3137199878692627
3.0479235649108887
2.758551597595215
2.363717794418335
3.375103235244751
2.919459342956543
3.85353684425354
3.387742519378662
3.632526159286499
4.401698589324951
4.134653568267822
5.64380407333374
4.028581619262695
3.296095132827759
2.6781303882598877
2.0650339126586914
2.9681997299194336
3.021573781967163
5.654740333557129
2.1508419513702393
3.8131463527679443
4.228459358215332
2.4810938835144043
1.9553648233413696
3.939039707183838
4.090796947479248
2.954139232635498
2.1447722911834717
4.623855113983154
2.1943771839141846
4.229605197906494
3.7514121532440186
3.2372353076934814
-0.030792707577347755
3.438429832458496
4.220521926879883
0.8537878394126892
2.8424060344696045
3.289522886276245
4.44724178314209
4.052315711975098
2.569742441177368
2.231457471847534
1.5250951051712036
3.52386736869812
3.296825885772705
3.868447780609131
3.4360148906707764
5.9434099197387695
0.9357237219810486
1.8377152681350708
4.726577281951904
3.490614891052246
3.8719401359558105
2.1636667251586914
4.774940013885498
1.7112630605697632
4.054110527038574
2.788421630859375
2.9712743759155273
3.3843994140625
3.631045341491699
1.73139226436615
3.2104780673980713
3.46689510345459
3.439459800720215
2.1164259910583496
3.35080885887146
3.73136568069458
4.960184097290039
3.7152841091156006
2.2775731086730957
3.987354040145874
2.8121635913848877
2.955735445022583
2.450329065322876
3.9289958477020264
2.8206024169921875
4.271394729614258
3.3453781604766846
2.3757431507110596
3.8052539825439453
3.554746150970459
2.551649332046509
2.2644543647766113
4.776978492736816
3.556732654571533
4.619401931762695
3.5114564895629883
5.4830427169799805
3.6045780181884766
4.860411167144775
2.262343168258667
3.376803398132324
3.018807888031006
3.3270304203033447
2.997170925140381
4.187755584716797
2.4515230655670166
2.4283013343811035
2.3012819290161133
3.665039539337158
4.493721008300781
1.98187255859375
3.9182846546173096
3.3529911041259766
3.168626070022583
4.386008262634277
4.435820579528809
3.8187081813812256
3.643317222595215
3.2286434173583984
1.751234531402588
4.757199764251709
3.009681463241577
2.7722442150115967
2.6108131408691406
3.2882564067840576
4.222778797149658
3.842963218688965
4.2397284507751465
3.3569998741149902
2.799938201904297
4.247116565704346
3.81878924369812
3.381929874420166
2.0458338260650635
3.5165317058563232
4.76092004776001
2.9224305152893066
3.6027750968933105
4.879079341888428
3.444918394088745
2.481440544128418
2.4734785556793213
4.351374626159668
3.120039939880371
3.954831600189209
4.550836563110352
3.841214179992676
4.207801818847656
3.354851484298706
2.9782118797302246
3.439850330352783
3.577975273132324
4.515379428863525
3.7503206729888916
5.173161506652832
3.2005155086517334
4.727963924407959
2.7103934288024902
3.6871225833892822
3.5717945098876953
1.4442204236984253
5.290449142456055
3.5466041564941406
4.112455368041992
4.714453220367432
3.627413034439087
2.7670748233795166
4.115492343902588
2.5226590633392334
4.974593162536621
3.9656145572662354
3.409055233001709
3.991872549057007
3.8766963481903076
3.4226949214935303
3.213941812515259
2.409172534942627
1.8586804866790771
2.6601898670196533
4.281918048858643
2.6846907138824463
3.7090003490448
0.8518355488777161
2.245278835296631
4.434333801269531
1.8898260593414307
3.3885905742645264
3.1155333518981934
1.9353080987930298
3.0806119441986084
2.8745577335357666
3.1139538288116455
2.925467014312744
3.6981844902038574
2.885657787322998
2.6416144371032715
4.255231857299805
5.140204429626465
4.111962795257568
4.591740608215332
4.870871543884277
2.9205873012542725
3.1304876804351807
2.138108730316162
3.351649284362793
4.635494709014893
2.8433825969696045
1.551647424697876
2.460402011871338
4.55171012878418
3.801877498626709
3.1484038829803467
4.164076328277588
4.2960205078125
2.4524643421173096
3.425992965698242
3.5342602729797363
1.3820949792861938
4.732857704162598
1.3254921436309814
3.415489912033081
2.9781107902526855
3.831549644470215
5.45763635635376
2.7259156703948975
4.5633955001831055
2.735778570175171
3.447706699371338
2.4233341217041016
3.871272087097168
4.510748863220215
4.508652210235596
1.8083447217941284
2.238807439804077
2.7082157135009766
2.7361059188842773
2.4822635650634766
4.182591438293457
2.9624927043914795
2.4906351566314697
2.692629098892212
2.4921586513519287
3.903231620788574
3.480588912963867
5.081082344055176
3.2015573978424072
4.717166423797607
2.740978956222534
3.295171022415161
2.3298158645629883
3.6923913955688477
3.6330692768096924
2.015826940536499
3.416679859161377
2.3115789890289307
3.9606339931488037
3.3847908973693848
0.5739407539367676
3.6928951740264893
3.8775620460510254
5.455221652984619
3.270853042602539
3.829411268234253
2.603623390197754
1.995856761932373
3.8780412673950195
3.3239357471466064
3.1490089893341064
2.708233594894409
4.294533729553223
5.215527534484863
3.2086198329925537
3.6670289039611816
4.691269397735596
3.5925776958465576
3.031813621520996
2.756338119506836
3.3895928859710693
2.8090975284576416
2.9670822620391846
3.7449967861175537
3.742403984069824
4.0572509765625
3.0471386909484863
3.7195932865142822
4.4279937744140625
3.0813443660736084
3.7625911235809326
2.9102838039398193
3.146846294403076
2.9088921546936035
2.254230260848999
3.4856772422790527
2.4562249183654785
2.2860937118530273
3.093675136566162
5.155304431915283
2.623035430908203
1.5941342115402222
2.8898403644561768
1.2739492654800415
5.395035743713379
3.3212249279022217
3.489182949066162
3.0965912342071533
3.6460864543914795
4.749807834625244
4.139735698699951
4.547102928161621
4.077106952667236
3.9160430431365967
2.2989203929901123
3.8035287857055664
2.99934983253479
4.157593727111816
1.8706241846084595
3.0054354667663574
4.197585582733154
4.883841514587402
2.997222661972046
2.5815622806549072
3.4708797931671143
1.7864842414855957
4.956869125366211
3.529130220413208
3.1583123207092285
