3.8982276916503906
3.559361219406128
3.4438974857330322
2.793386220932007
3.988558053970337
2.4601564407348633
4.025271892547607
4.791024208068848
5.983480453491211
4.145573139190674
3.9175822734832764
5.046459197998047
3.871497392654419
3.280359983444214
4.284449577331543
2.6251537799835205
5.43430233001709
2.681380271911621
2.2798924446105957
4.51409387588501
4.090682029724121
5.462012767791748
3.3076529502868652
2.4488368034362793
3.562426805496216
3.404254913330078
4.29008150100708
3.9669411182403564
4.395909786224365
4.030464172363281
3.0749566555023193
2.9609246253967285
2.6818909645080566
7.715267181396484
3.9601986408233643
3.4544312953948975
4.209897994995117
4.02731466293335
2.243701219558716
4.012386798858643
4.600607395172119
4.010830402374268
4.288055419921875
1.786861777305603
3.8278322219848633
3.886239528656006
3.0693867206573486
4.264971733093262
4.112861633300781
4.2488298416137695
3.1742141246795654
3.3149118423461914
4.277185916900635
3.999274969100952
3.52370285987854
2.438275098800659
5.943844318389893
3.735853672027588
2.86993670463562
3.786773443222046
4.8751044273376465
4.221663951873779
5.600807189941406
3.6237313747406006
3.8287715911865234
2.4810149669647217
0.9951813220977783
4.8352227210998535
3.9481770992279053
4.471883296966553
3.4367213249206543
2.6882975101470947
5.102619171142578
2.693632125854492
3.7097055912017822
3.5253891944885254
3.807715654373169
1.8556230068206787
4.01518440246582
3.7734880447387695
3.9881820678710938
3.795502185821533
3.466177225112915
3.979609966278076
3.8496973514556885
2.463221788406372
2.745431423187256
4.029923439025879
4.814024925231934
5.318260669708252
2.7472517490386963
3.741325855255127
3.3152904510498047
3.5988879203796387
5.3126912117004395
6.1354146003723145
4.888011932373047
3.352015256881714
4.64956521987915
3.9374382495880127
2.8589749336242676
5.374131679534912
4.209859371185303
3.6512720584869385
4.026735782623291
3.9282236099243164
4.05795431137085
3.9182870388031006
3.4490935802459717
2.4451236724853516
6.40199089050293
3.9537432193756104
3.8909051418304443
4.768824100494385
2.714665174484253
4.1792497634887695
4.145266532897949
4.346624851226807
4.211450099945068
4.462124347686768
3.839536190032959
3.5165278911590576
2.696579694747925
1.580453872680664
3.20304799079895
3.2070367336273193
3.4750335216522217
4.2882561683654785
3.8174545764923096
2.719590187072754
3.470212459564209
5.752948760986328
4.851530075073242
5.268723964691162
4.038404941558838
3.423518180847168
5.352229118347168
4.023798942565918
4.666964530944824
4.746833801269531
4.155900955200195
1.6502578258514404
2.771777391433716
5.889779090881348
6.185234069824219
3.64622163772583
3.8718204498291016
3.1176838874816895
3.857346296310425
3.778838872909546
3.8003532886505127
2.4442615509033203
5.939161777496338
7.354722023010254
3.88059663772583
3.4391863346099854
3.328965425491333
4.282416820526123
4.473779201507568
2.7170259952545166
3.570513963699341
3.270551919937134
3.5799007415771484
4.490577697753906
5.321384429931641
4.338829040527344
1.3853306770324707
4.435515403747559
3.4280688762664795
2.8967435359954834
5.703129291534424
4.807397365570068
3.046027660369873
4.313828945159912
4.586682319641113
3.2564644813537598
6.460477352142334
3.9871063232421875
4.201551914215088
2.0127291679382324
3.13952374458313
3.4113693237304688
2.8872408866882324
2.799384117126465
2.2829949855804443
3.5745296478271484
3.3183209896087646
4.180435657501221
3.9799180030822754
3.8736517429351807
4.401154518127441
4.614909648895264
5.005343437194824
4.2781195640563965
2.9323344230651855
3.076746940612793
2.5002803802490234
3.7428436279296875
3.572486162185669
5.539724349975586
3.5522420406341553
4.75274658203125
4.640041828155518
2.917095899581909
2.1953606605529785
4.168273448944092
3.7026278972625732
3.540005683898926
2.871093511581421
4.332935333251953
1.8370728492736816
4.076532363891602
3.5573344230651855
3.9922893047332764
-0.3568651080131531
3.3682541847229004
3.8028976917266846
1.0266984701156616
3.1262247562408447
3.8396427631378174
4.655941486358643
5.810469627380371
2.8543624877929688
3.0643348693847656
1.0970208644866943
3.957115888595581
3.2797906398773193
4.319392204284668
4.12261962890625
6.252719879150391
1.492139220237732
2.5149199962615967
5.316171646118164
3.8700144290924072
3.5139193534851074
3.0646767616271973
5.189277648925781
1.7719320058822632
4.256956577301025
2.540769577026367
3.76939058303833
3.5464558601379395
3.8671107292175293
2.4866175651550293
3.71557879447937
2.8782217502593994
3.1212944984436035
2.401209831237793
3.7625465393066406
4.461696624755859
4.883913516998291
3.9608941078186035
2.8182244300842285
4.46331787109375
2.772050380706787
3.2730767726898193
2.223198413848877
4.186741828918457
3.0560262203216553
5.198210716247559
3.8038249015808105
2.0934038162231445
4.964097499847412
3.90244197845459
2.693159341812134
2.8418753147125244
5.727139472961426
3.2122883796691895
4.784266948699951
3.700160503387451
6.109684944152832
4.136363983154297
3.9550018310546875
2.752028703689575
3.6039912700653076
3.215982675552368
3.7879269123077393
3.6207072734832764
4.04081392288208
2.226933002471924
2.5055248737335205
2.5935444831848145
3.672783613204956
5.143060207366943
2.9006104469299316
4.427192687988281
3.3121743202209473
3.388404607772827
4.839884281158447
4.864173889160156
3.5888354778289795
4.218804836273193
3.7553300857543945
2.274010181427002
5.091578960418701
3.0847859382629395
3.777594566345215
2.9686930179595947
3.2285332679748535
4.443831920623779
3.632627010345459
4.276206970214844
3.897610664367676
3.070692539215088
4.363293647766113
3.429882049560547
3.528513193130493
2.8253822326660156
3.823333501815796
4.4119062423706055
3.2975261211395264
3.196272611618042
5.803123474121094
4.143794059753418
2.734929323196411
3.7931511402130127
4.634887218475342
3.5016989707946777
4.1799635887146
4.204158782958984
4.312544822692871
4.693850994110107
3.2877402305603027
3.30517578125
4.087597370147705
3.9337542057037354
4.365689754486084
4.232465744018555
7.372661113739014
3.084658622741699
5.377366065979004
2.7059361934661865
4.236634254455566
3.525395631790161
2.132721424102783
6.331831455230713
3.8591601848602295
4.00862455368042
5.445099830627441
2.8014960289001465
3.0619349479675293
4.440095901489258
2.841334104537964
4.693670749664307
3.562566041946411
2.879690408706665
4.73309850692749
3.4201924800872803
3.9751226902008057
2.6109001636505127
2.5237200260162354
2.1771092414855957
3.069283962249756
4.952500343322754
3.902557134628296
4.1060261726379395
1.4668490886688232
2.5866990089416504
4.882086277008057
1.976231575012207
3.739253520965576
3.1965646743774414
2.1274051666259766
3.8429932594299316
3.437375068664551
3.4413158893585205
3.995509624481201
4.131792068481445
3.1916520595550537
2.795088052749634
4.411009311676025
4.929768085479736
4.290712833404541
4.680788516998291
6.254377365112305
3.326046943664551
3.9028916358947754
2.9705862998962402
3.518601894378662
4.970468521118164
3.5539231300354004
2.4566428661346436
2.882225751876831
4.192873477935791
3.066309690475464
3.0957090854644775
5.574995994567871
4.847962379455566
3.0671334266662598
3.524197578430176
3.0677878856658936
1.4067206382751465
4.436912536621094
1.5374137163162231
3.4857304096221924
3.4387760162353516
4.041897296905518
4.938814640045166
3.2434616088867188
4.069096088409424
2.515072822570801
3.801797389984131
3.168698310852051
3.6043970584869385
3.820540428161621
4.505223274230957
2.010215997695923
2.3630640506744385
2.93251633644104
3.232208013534546
3.6260368824005127
4.463794231414795
3.7287888526916504
2.329413414001465
3.1777665615081787
2.7036850452423096
4.247591018676758
4.103421688079834
5.199736595153809
3.0138063430786133
4.892754077911377
2.8259503841400146
3.1280734539031982
2.8454031944274902
4.326114654541016
3.4635775089263916
2.787961959838867
3.39909029006958
3.0940370559692383
4.099854469299316
3.6250033378601074
0.8034660816192627
3.2979822158813477
4.1159987449646
5.269062042236328
2.7011091709136963
3.6601474285125732
3.1216745376586914
2.753952741622925
3.947934627532959
3.6012179851531982
3.125351905822754
2.600205183029175
4.764902591705322
5.460773468017578
3.664377450942993
3.8519647121429443
4.591643810272217
4.5479736328125
3.738161325454712
3.1175537109375
3.4821114540100098
3.1184794902801514
3.4955673217773438
3.9697022438049316
3.9337353706359863
4.8787055015563965
3.6438074111938477
3.8447811603546143
4.829522609710693
3.5705957412719727
4.042689800262451
3.5123348236083984
3.6836369037628174
3.2000818252563477
3.3229446411132812
3.5967371463775635
2.3083744049072266
2.8914716243743896
3.736947536468506
4.662372589111328
2.5601418018341064
2.1752374172210693
2.2487220764160156
1.745192050933838
6.0964460372924805
3.267665386199951
4.041404724121094
3.7155051231384277
3.630513906478882
4.401000022888184
3.9789531230926514
4.301008224487305
5.227336406707764
4.541260719299316
2.8768186569213867
4.624277591705322
3.4676620960235596
4.694474220275879
2.060969352722168
3.2744758129119873
4.641672611236572
4.911019325256348
3.2714242935180664
2.1083481311798096
4.0295867919921875
1.9428520202636719
5.474051475524902
3.3555116653442383
3.562711715698242
