2.770665407180786
5.152829170227051
5.829625606536865
4.035971164703369
7.005329132080078
4.8541579246521
1.6423763036727905
3.600752115249634
6.124646186828613
3.096358299255371
4.480303764343262
4.120663166046143
3.96112322807312
5.3591413497924805
4.800117492675781
3.4321184158325195
1.6618908643722534
4.923139572143555
2.371948003768921
5.107180118560791
4.107686996459961
4.27506685256958
2.923125982284546
4.484684467315674
7.086423397064209
3.2558467388153076
4.465158939361572
4.2190117835998535
2.986246347427368
1.5748845338821411
3.923065185546875
3.3170228004455566
3.1252336502075195
4.648868083953857
5.0154266357421875
3.3006591796875
6.192073822021484
3.6618099212646484
5.9427924156188965
3.5111124515533447
4.949066638946533
4.9858808517456055
2.7780795097351074
4.601853370666504
7.208460330963135
3.228013277053833
4.451867580413818
5.545809745788574
5.0493597984313965
2.973567008972168
5.530272960662842
5.68469762802124
5.421535968780518
2.2366042137145996
3.8675172328948975
5.527776718139648
4.129319667816162
4.983364582061768
5.771121025085449
6.299982070922852
5.224811553955078
4.23663854598999
4.8166399002075195
5.320894718170166
4.226722717285156
4.797006130218506
3.810822010040283
7.330183506011963
3.1852588653564453
7.147980213165283
5.979018211364746
7.743163585662842
6.57432222366333
6.265085220336914
4.986924648284912
3.3007445335388184
3.687068462371826
6.618320941925049
5.150031089782715
4.364511013031006
4.197626113891602
3.866950273513794
3.8636882305145264
3.295316219329834
5.249342441558838
6.55764102935791
3.012148141860962
5.004164695739746
1.7567846775054932
5.015166759490967
4.894834995269775
4.522294998168945
2.7085540294647217
5.391289234161377
5.2097249031066895
4.313950061798096
4.670050621032715
4.612969875335693
6.119564056396484
6.1640400886535645
