7.720889091491699
5.816456317901611
6.808109283447266
6.546837329864502
6.879510879516602
6.221426010131836
8.571575164794922
4.737329006195068
6.865722179412842
9.127124786376953
5.990739345550537
6.725806713104248
5.601446628570557
6.247147560119629
5.799285888671875
5.745770454406738
6.003756523132324
6.056850910186768
7.223169326782227
6.382831573486328
5.946399211883545
5.988846778869629
9.124566078186035
9.113490104675293
5.19704532623291
6.577399730682373
5.390280246734619
5.458592891693115
5.067255020141602
3.2753031253814697
4.849900245666504
6.426186561584473
7.484148025512695
5.140316486358643
6.809141635894775
5.151219844818115
4.551185607910156
5.402609825134277
4.316461086273193
5.527516841888428
6.325605392456055
5.199965000152588
8.316387176513672
4.756468296051025
7.238615989685059
4.206192970275879
6.470392227172852
4.736196994781494
7.433518409729004
7.410539150238037
5.913379669189453
7.002155303955078
6.9872894287109375
7.156179428100586
6.943126678466797
4.758327007293701
6.862873077392578
4.392410755157471
6.001190185546875
5.517152786254883
7.092403411865234
7.4259538650512695
5.527399063110352
5.823575496673584
6.116496562957764
5.885788440704346
8.926594734191895
3.341318368911743
6.473770618438721
6.015682697296143
4.0922322273254395
5.9138593673706055
7.427332401275635
6.582239627838135
6.998899936676025
6.4565815925598145
4.621338844299316
6.248875617980957
5.920013904571533
4.968679428100586
5.134660720825195
8.823908805847168
6.506130218505859
6.7761664390563965
6.972342491149902
7.24105167388916
9.522382736206055
6.340708255767822
6.094820499420166
6.289938926696777
5.356537342071533
5.356943607330322
6.820502281188965
8.235772132873535
7.52398681640625
5.655552864074707
8.66419792175293
7.039010524749756
6.491813659667969
6.945645332336426
