5.134886741638184
2.5401315689086914
4.672903537750244
5.139979839324951
3.751837968826294
3.572730779647827
5.0883283615112305
2.1894149780273438
3.911013603210449
6.172487258911133
3.149477958679199
6.674104690551758
2.3302812576293945
3.4376749992370605
0.9214924573898315
5.316737174987793
5.171639919281006
4.147181034088135
5.631766319274902
4.556536674499512
5.581577301025391
6.022665500640869
3.2082910537719727
1.4324322938919067
4.564847469329834
5.0596113204956055
3.9324846267700195
5.216396808624268
5.841339111328125
3.15524959564209
5.051784992218018
0.9970498085021973
4.635624408721924
6.508335113525391
3.920720338821411
2.0001673698425293
4.121436595916748
4.9430389404296875
5.7632246017456055
4.994815349578857
1.6194065809249878
3.879307508468628
5.480309963226318
1.8108195066452026
3.3351714611053467
3.2463741302490234
5.0980939865112305
3.323759078979492
3.4958064556121826
3.3711321353912354
5.785724639892578
4.0075201988220215
5.520055294036865
4.693981170654297
3.5308048725128174
3.94064998626709
3.397817373275757
5.231872081756592
3.4814608097076416
7.482303142547607
3.5294952392578125
4.917190074920654
2.9381792545318604
5.991571426391602
6.850849628448486
3.494736433029175
4.7494797706604
5.961469650268555
2.711641788482666
4.66316032409668
0.053706977516412735
6.476653099060059
1.6335604190826416
6.303032398223877
4.02284574508667
3.7437586784362793
3.5294015407562256
2.0743889808654785
4.242219924926758
7.106795310974121
5.2882561683654785
4.003996849060059
4.126611709594727
4.477004528045654
4.823644161224365
5.290890216827393
6.767935752868652
3.601586103439331
1.7499788999557495
3.9830429553985596
5.074714183807373
5.648013114929199
2.9165003299713135
5.92941427230835
2.612926721572876
3.0755932331085205
2.891791582107544
3.7916183471679688
3.1565003395080566
4.218323230743408
