0.11076120287179947
-0.23909485340118408
0.5583295822143555
0.05254998058080673
2.088292121887207
0.22892789542675018
0.9591687321662903
0.31117573380470276
0.2004888504743576
-0.20608875155448914
-0.2514909505844116
-0.32687652111053467
-0.1577386111021042
0.327322781085968
0.525560200214386
0.7016849517822266
0.6266320943832397
0.035025618970394135
0.07258173823356628
0.002443065633997321
-0.5152960419654846
0.17003583908081055
-0.5733530521392822
-0.2796631455421448
0.8227269053459167
-0.23077642917633057
-0.11953520774841309
0.8271780610084534
-0.030819512903690338
-0.14745214581489563
0.7300804853439331
0.5189113020896912
1.1366647481918335
0.4654181897640228
0.11050476133823395
-0.13555242121219635
1.3415184020996094
0.13931706547737122
-0.4333153963088989
0.18118996918201447
0.14134636521339417
-0.18438191711902618
0.8629167079925537
0.16794656217098236
0.5999913215637207
-0.19211801886558533
0.47526827454566956
0.0134853171184659
0.15372395515441895
-0.663067638874054
1.1845099925994873
0.39986276626586914
1.2462530136108398
-0.1645229458808899
0.3651430308818817
0.09384091198444366
-0.237884983420372
0.6703872680664062
0.061048246920108795
-0.306180477142334
1.2092325687408447
1.2823623418807983
0.7773797512054443
0.7313925623893738
0.5640444159507751
0.9296931028366089
-0.06674738973379135
0.3291718065738678
1.6129510402679443
-0.37611353397369385
0.4878931939601898
-0.21495454013347626
-0.017033927142620087
0.1097797155380249
0.15077559649944305
-0.33189457654953003
0.037051040679216385
0.8657451868057251
-0.5707292556762695
1.1415117979049683
-0.09713642299175262
-0.3740486204624176
0.21791265904903412
-0.027967700734734535
0.5519879460334778
0.6167006492614746
0.5220699310302734
-0.40931475162506104
-0.3493250012397766
-0.29626888036727905
0.023010099306702614
0.05453486740589142
-0.13152532279491425
-0.04248126596212387
0.33726966381073
-0.0773010328412056
0.7569583654403687
-0.09921468049287796
-0.5001254677772522
0.8875110149383545
0.7045335173606873
0.43056753277778625
0.2462586760520935
0.1527257263660431
1.3193340301513672
-0.3949786424636841
0.35302916169166565
0.5256363153457642
-0.21398237347602844
-0.19004486501216888
0.7479941248893738
1.1313740015029907
-0.16584084928035736
-1.061739444732666
0.2992674708366394
0.10472303628921509
0.34119459986686707
-0.042819544672966
1.2947677373886108
-0.14693987369537354
1.5303840637207031
-0.20992611348628998
0.01573994942009449
-0.7519171237945557
0.9268807172775269
