0.17783240973949432
-0.17343707382678986
1.1406317949295044
0.14659544825553894
0.7775068879127502
-0.3494032025337219
1.3297547101974487
1.0041420459747314
0.465991735458374
1.5632635354995728
0.09164384007453918
1.3090659379959106
1.2419021129608154
0.927922785282135
0.21872948110103607
-0.6489722728729248
-0.4005109667778015
1.8492804765701294
-0.19160734117031097
1.4626251459121704
-0.2653103172779083
-0.7369357347488403
1.8179010152816772
-0.8778748512268066
-0.9271297454833984
-0.5737779140472412
0.11215848475694656
0.7952690124511719
-0.4745665490627289
1.4740474224090576
0.5576419234275818
-0.12019194662570953
0.0015513611724600196
0.27621862292289734
-0.6077252626419067
-0.4204769730567932
0.26193100214004517
-0.1735696792602539
-0.5174597501754761
1.1413371562957764
-0.15328285098075867
-0.6602983474731445
0.15014970302581787
0.1903904527425766
0.9080908298492432
1.3195158243179321
1.0775518417358398
-1.1024751663208008
0.11271987855434418
0.06739166378974915
0.1561887562274933
0.7949585318565369
-0.16311854124069214
0.4357483983039856
2.2288331985473633
0.15751303732395172
1.8483171463012695
0.9728688597679138
1.354432225227356
0.014189510606229305
0.42586377263069153
0.03606608510017395
0.11962676048278809
0.1691206842660904
-0.6548908352851868
0.31563079357147217
0.9662554264068604
-0.5506268739700317
2.174938917160034
0.19732517004013062
0.8376021385192871
0.8235626816749573
0.04497280344367027
0.8125081062316895
0.22943176329135895
0.16396288573741913
1.183712363243103
0.1240624263882637
0.3921923041343689
0.6070739030838013
-0.045660603791475296
-0.14601758122444153
-0.15949009358882904
0.32977747917175293
-0.2469833940267563
1.8637844324111938
-0.22786013782024384
0.038622837513685226
0.4636145234107971
0.7378617525100708
-0.303384393453598
0.42860937118530273
-0.9069596529006958
1.076999545097351
0.19873151183128357
-0.04295624420046806
-1.1306734085083008
0.5984812378883362
0.958721935749054
-0.2024824619293213
-0.11915897578001022
-0.3417913019657135
-0.025677748024463654
0.14834879338741302
-0.47362345457077026
0.010783872567117214
2.2502129077911377
0.06968310475349426
0.7091465592384338
1.1892060041427612
0.5952953696250916
0.8013374209403992
-0.4925861358642578
0.7189954519271851
0.4169538915157318
-0.19510963559150696
1.3461204767227173
3.266427993774414
0.03674561530351639
1.058415412902832
0.8918929100036621
0.919269323348999
-0.900996208190918
-0.17541511356830597
1.1057490110397339
