8.448834419250488
6.200957775115967
4.494373798370361
4.513602256774902
6.8745646476745605
4.681670188903809
10.321940422058105
9.175414085388184
6.62290620803833
6.504087924957275
4.970577239990234
5.092653274536133
6.487179756164551
6.510623455047607
6.837510585784912
4.950873374938965
7.35006856918335
9.65010929107666
11.006647109985352
7.870561599731445
9.925376892089844
9.180696487426758
7.78577184677124
7.531663417816162
6.962296485900879
7.236106872558594
7.63253116607666
7.730432510375977
8.990135192871094
4.833555698394775
8.377328872680664
7.194339275360107
7.446617126464844
8.406760215759277
9.75463581085205
6.4459733963012695
8.735017776489258
10.045286178588867
9.603734016418457
7.783359527587891
8.3526611328125
5.25226354598999
9.997193336486816
7.274033546447754
10.992121696472168
5.7786173820495605
4.416319370269775
6.549922943115234
7.676367282867432
7.688939094543457
9.186988830566406
4.990774631500244
5.239983558654785
5.149771213531494
9.2382230758667
7.537286281585693
10.914873123168945
5.49924898147583
9.466663360595703
8.993555068969727
7.554717063903809
3.6280808448791504
5.929005146026611
9.612117767333984
7.195077419281006
3.047433376312256
8.18350887298584
7.221621036529541
2.64424729347229
7.3037190437316895
7.499142646789551
2.8713572025299072
10.315071105957031
7.198206424713135
11.362235069274902
11.237801551818848
6.926838397979736
7.135950088500977
5.9669671058654785
8.946077346801758
8.87236499786377
8.207152366638184
4.009657382965088
8.150449752807617
7.89555025100708
5.990588188171387
3.4933810234069824
10.287576675415039
6.107651710510254
7.119028568267822
6.7786641120910645
7.619983673095703
9.141575813293457
3.2126622200012207
7.90280294418335
8.031415939331055
6.9731316566467285
9.59545612335205
4.43377685546875
11.561787605285645
8.184887886047363
9.332534790039062
6.897475719451904
4.060490608215332
7.413777828216553
5.894214153289795
9.240010261535645
7.525071144104004
5.66007661819458
4.675537109375
9.365559577941895
8.108291625976562
8.19655990600586
8.996942520141602
6.495716094970703
8.212577819824219
10.526219367980957
6.921004295349121
6.80820894241333
5.531224250793457
7.85207462310791
5.727035999298096
6.15797233581543
4.604513168334961
4.210408687591553
7.572409152984619
5.617916584014893
8.221912384033203
7.94630241394043
3.4841928482055664
4.031276702880859
6.615647315979004
7.422852516174316
10.372966766357422
7.108792304992676
5.676483631134033
8.692099571228027
8.566023826599121
7.762475967407227
8.478164672851562
8.349498748779297
10.138517379760742
5.609134674072266
6.270516872406006
7.11320161819458
3.7874765396118164
8.231072425842285
4.161102771759033
6.693865776062012
9.453944206237793
7.580875873565674
3.5044946670532227
7.278231143951416
7.269406318664551
8.98979377746582
6.864705562591553
7.229586124420166
7.870192050933838
9.11718463897705
9.937394142150879
4.196624279022217
9.732370376586914
6.111020565032959
7.144725322723389
10.557833671569824
3.1490378379821777
7.829261302947998
8.469745635986328
9.834334373474121
4.83638334274292
5.635258197784424
6.499564170837402
9.247342109680176
7.96436882019043
7.801968097686768
6.014883041381836
6.081467628479004
10.726997375488281
7.986804485321045
9.935701370239258
11.790473937988281
9.033653259277344
5.084583282470703
10.9624662399292
1.9282989501953125
8.774593353271484
8.691808700561523
3.999783515930176
6.058257102966309
7.901271343231201
9.643858909606934
8.455256462097168
11.103957176208496
9.767623901367188
10.227405548095703
6.45600700378418
9.367624282836914
6.3285980224609375
9.32027816772461
6.643448829650879
4.460853099822998
9.827914237976074
6.895120620727539
8.021097183227539
7.477269172668457
6.226370811462402
6.384578227996826
9.34995174407959
5.991113662719727
4.542581081390381
5.339537143707275
6.633220195770264
5.974453449249268
8.885143280029297
5.6602702140808105
4.763963222503662
9.015257835388184
11.313432693481445
6.287440299987793
4.132897853851318
8.713048934936523
7.438960075378418
9.991458892822266
9.014226913452148
7.739567279815674
6.177209854125977
8.304892539978027
5.458107948303223
9.786571502685547
7.767823219299316
3.3625268936157227
10.133670806884766
8.907755851745605
10.245716094970703
5.800498008728027
6.207498550415039
6.410533905029297
10.939464569091797
6.868767261505127
5.256473064422607
5.2945756912231445
6.864524841308594
7.245031833648682
8.460725784301758
8.828401565551758
3.5060324668884277
9.512704849243164
8.287810325622559
8.598374366760254
6.832903861999512
7.268423080444336
9.222356796264648
4.704540252685547
6.522625923156738
8.65787410736084
10.086263656616211
6.176482200622559
6.750325679779053
6.694957256317139
5.905957221984863
11.415019989013672
2.48812198638916
7.654373645782471
10.366719245910645
8.228320121765137
8.580181121826172
9.047446250915527
9.077900886535645
9.787422180175781
6.736855506896973
9.252594947814941
8.885025978088379
9.330179214477539
9.30822467803955
6.983274936676025
7.668160915374756
8.64303207397461
9.815016746520996
5.221392631530762
8.685701370239258
5.400021076202393
8.85785961151123
8.38748836517334
8.805599212646484
4.8001532554626465
6.848592281341553
6.0173773765563965
9.952787399291992
9.494879722595215
9.519965171813965
7.1953654289245605
6.078058242797852
9.323486328125
9.030035018920898
6.435375213623047
7.945605754852295
6.734236717224121
5.152571201324463
9.008295059204102
9.50961971282959
9.50589656829834
10.394678115844727
6.720157146453857
4.194430351257324
10.463966369628906
7.38692569732666
8.732415199279785
7.350733280181885
5.415445804595947
8.457746505737305
8.588632583618164
9.001307487487793
7.76259708404541
6.370935440063477
4.732832908630371
5.677287578582764
9.455680847167969
8.203866958618164
4.835232257843018
8.492818832397461
9.45155143737793
9.089930534362793
2.3925652503967285
4.532327175140381
8.207489013671875
8.609975814819336
9.299612998962402
6.376203536987305
6.910462379455566
4.996986389160156
8.057047843933105
5.476334095001221
5.728301525115967
8.344449996948242
6.7552595138549805
8.565613746643066
9.9691743850708
9.105427742004395
7.145027160644531
3.6066675186157227
8.341341018676758
6.624395370483398
7.7114715576171875
11.36793327331543
5.90408992767334
6.008771896362305
7.349009990692139
3.708219051361084
7.19959831237793
3.2652556896209717
8.523782730102539
7.147500038146973
7.407487392425537
8.011266708374023
6.105215549468994
9.264487266540527
8.075643539428711
4.138875484466553
9.02670955657959
5.837058067321777
10.980795860290527
3.7037644386291504
6.440491676330566
4.0262908935546875
3.91729736328125
9.582146644592285
8.265636444091797
9.783523559570312
5.728424549102783
1.6326017379760742
10.029675483703613
5.182758331298828
7.227611064910889
7.662793159484863
7.1288838386535645
7.878884315490723
7.179412841796875
4.159460544586182
6.995114326477051
5.305783271789551
5.9368367195129395
3.417996406555176
3.8010599613189697
4.563094615936279
4.5957489013671875
7.608185291290283
7.537501811981201
6.848713397979736
8.550324440002441
7.382527828216553
4.056904315948486
2.475666046142578
4.729194641113281
5.366203308105469
9.465688705444336
4.625931262969971
5.755494594573975
12.025094032287598
4.9174885749816895
4.677859783172607
6.465709209442139
9.801142692565918
4.1877241134643555
8.475913047790527
9.025359153747559
8.651541709899902
6.387523651123047
7.403643608093262
4.751384735107422
4.830022811889648
7.811201572418213
3.268132209777832
9.166719436645508
9.679230690002441
9.889396667480469
6.437780857086182
6.124212265014648
5.879774570465088
8.474043846130371
7.989209175109863
6.501866817474365
8.494214057922363
9.416031837463379
6.746093273162842
5.935953140258789
6.208807945251465
6.5478339195251465
10.078961372375488
8.180522918701172
10.233455657958984
6.855368137359619
1.2783325910568237
6.687756538391113
8.745283126831055
5.360528469085693
3.5567431449890137
6.175843238830566
5.949850559234619
4.360825538635254
4.607767581939697
5.4556427001953125
4.9986395835876465
5.177858352661133
9.886922836303711
7.511537551879883
2.0930047035217285
9.435237884521484
8.276028633117676
5.415385723114014
10.913373947143555
6.800339698791504
6.067779064178467
4.404362678527832
9.85161018371582
9.046627044677734
8.014583587646484
9.36728572845459
9.066474914550781
7.598508358001709
7.124395370483398
8.777098655700684
7.644725322723389
7.3090596199035645
9.119718551635742
5.877338886260986
5.377612590789795
6.614645957946777
5.967639923095703
9.01595401763916
8.16650104522705
10.91738510131836
3.6307716369628906
7.191582202911377
4.234623432159424
6.74501895904541
7.723974704742432
5.904953956604004
6.860948085784912
5.072310447692871
7.193504333496094
4.4427947998046875
7.728792667388916
3.4552881717681885
7.6012468338012695
6.113974571228027
10.126846313476562
5.515833854675293
6.354014873504639
9.928832054138184
9.87918472290039
4.494558334350586
9.023033142089844
6.378406524658203
7.893759727478027
6.502395153045654
9.921026229858398
9.432019233703613
8.098793029785156
6.052971363067627
9.723027229309082
