7.542342185974121
6.211589336395264
4.6524529457092285
4.094498634338379
6.088251113891602
4.4170451164245605
8.92166519165039
7.712833881378174
5.820901870727539
5.975558280944824
4.614466190338135
4.209868431091309
5.688337802886963
5.776364803314209
6.843296051025391
4.2468390464782715
7.176509857177734
8.809468269348145
9.978846549987793
6.379829406738281
9.29985523223877
9.00381088256836
6.702747344970703
7.059521675109863
6.826845169067383
6.3607072830200195
6.923511028289795
7.927615642547607
7.5392279624938965
5.069614410400391
7.307290077209473
7.311595439910889
7.414454936981201
7.818728923797607
7.1086907386779785
6.635664463043213
7.803676128387451
9.829788208007812
9.829821586608887
7.818907260894775
6.720522403717041
3.7051379680633545
9.370925903320312
6.441311836242676
9.22416877746582
5.417327404022217
4.530118942260742
5.4313178062438965
7.399888038635254
7.468064785003662
9.079030990600586
5.011149883270264
5.067368507385254
4.926235675811768
8.740038871765137
7.153020858764648
9.731515884399414
6.128280162811279
9.301444053649902
6.793456554412842
6.030100345611572
2.825275182723999
5.200402736663818
6.581328392028809
5.978024005889893
3.650014638900757
7.945977687835693
6.162785053253174
1.6063812971115112
7.252777576446533
6.986189365386963
2.1890642642974854
8.966240882873535
7.596624374389648
10.497586250305176
10.160253524780273
5.632946968078613
6.732625961303711
4.140984058380127
9.083148002624512
8.345621109008789
7.7615180015563965
3.832993984222412
6.51953125
6.687455177307129
5.700540542602539
3.236647844314575
8.474003791809082
5.051504611968994
6.879950523376465
6.630949020385742
5.368369102478027
8.25214672088623
2.366651773452759
7.9147257804870605
6.696168422698975
5.620417594909668
8.66242790222168
3.6588058471679688
10.725384712219238
8.36080265045166
8.924339294433594
6.22542667388916
3.151638984680176
6.61825704574585
5.962024211883545
8.171529769897461
7.170567989349365
5.782498359680176
4.578514099121094
8.518365859985352
6.423818588256836
7.512134552001953
8.135845184326172
5.655960559844971
7.1600823402404785
9.622885704040527
6.582431793212891
6.80664587020874
4.602611541748047
7.107327461242676
4.541958808898926
4.832055568695068
5.242189884185791
3.305450201034546
7.619874954223633
4.880351543426514
6.915843963623047
7.8361101150512695
3.068850517272949
4.138160228729248
5.728703022003174
6.792490482330322
10.226189613342285
5.344811916351318
4.360275745391846
7.635972023010254
7.6127166748046875
6.358807563781738
8.297802925109863
7.637728214263916
9.789990425109863
4.959162712097168
5.937164783477783
6.189051151275635
3.9832537174224854
7.318453788757324
4.402789115905762
5.294764518737793
7.848158359527588
7.032326698303223
3.0403287410736084
7.033689975738525
6.945083141326904
7.454874038696289
5.931950092315674
6.892745018005371
6.241511344909668
7.358349800109863
10.698914527893066
4.169554233551025
9.118006706237793
5.101330757141113
6.015992164611816
9.336040496826172
1.9326400756835938
8.499279022216797
7.950234413146973
9.435973167419434
4.796178817749023
4.774811267852783
5.632669448852539
8.615433692932129
6.613867282867432
8.160102844238281
6.098720073699951
5.706104278564453
10.844592094421387
7.589475154876709
10.840291976928711
11.348509788513184
8.440239906311035
4.036532878875732
9.963444709777832
2.2023119926452637
8.109150886535645
8.100262641906738
3.5701746940612793
6.458362579345703
6.826935291290283
8.311922073364258
7.267114639282227
10.249227523803711
9.110319137573242
8.284064292907715
5.910918712615967
9.20895767211914
6.233129024505615
8.187499046325684
6.507945537567139
4.228642463684082
9.683106422424316
6.419339179992676
8.39079761505127
7.023742198944092
4.632859706878662
5.174219608306885
9.214327812194824
6.495008945465088
3.8354060649871826
5.214264392852783
6.092212200164795
5.9030442237854
8.756959915161133
4.705163955688477
4.125082969665527
6.153140544891357
11.35263729095459
5.802229881286621
4.089141845703125
7.323725700378418
7.565157890319824
9.690862655639648
7.710395812988281
7.0537638664245605
6.422147750854492
8.147771835327148
4.48939847946167
7.800882339477539
6.569206714630127
2.9732208251953125
10.563289642333984
8.586551666259766
9.655750274658203
4.065176486968994
6.082887649536133
5.580456733703613
10.203932762145996
5.372811794281006
4.463435649871826
5.253293037414551
6.130551338195801
6.165747165679932
8.807107925415039
8.922428131103516
3.4377083778381348
6.308901309967041
8.05795955657959
8.56399917602539
5.6118693351745605
5.56019926071167
8.476837158203125
5.130797863006592
6.01718282699585
6.9367523193359375
8.235209465026855
4.820724964141846
6.5033650398254395
5.686664581298828
4.550509452819824
10.643393516540527
2.66473650932312
6.827508926391602
9.939135551452637
8.031285285949707
7.4805145263671875
8.038466453552246
8.590540885925293
9.238130569458008
6.935281753540039
8.282936096191406
8.119791984558105
7.964626789093018
8.915499687194824
7.010587692260742
6.807980537414551
6.732554912567139
8.428848266601562
4.466048240661621
6.720460891723633
5.01014518737793
9.109128952026367
6.196043968200684
8.334565162658691
5.109908103942871
6.507821559906006
5.737698554992676
9.6203031539917
8.614352226257324
9.16132640838623
6.604732513427734
5.729353427886963
8.5620756149292
8.248579025268555
5.2852888107299805
7.850451946258545
6.849934101104736
5.637803077697754
7.9609856605529785
9.11640739440918
8.632768630981445
9.00341510772705
6.7547221183776855
3.815598249435425
9.642264366149902
6.547785758972168
8.29879093170166
6.961033821105957
5.297451972961426
6.929214000701904
8.408403396606445
7.337804317474365
7.68398380279541
5.487876892089844
3.678858757019043
4.879006385803223
8.439699172973633
8.113333702087402
4.08289909362793
7.767815113067627
8.904732704162598
7.855587959289551
1.275754451751709
4.791548728942871
7.668878555297852
7.570880889892578
8.304729461669922
6.188098907470703
6.299808502197266
4.025546550750732
7.179984092712402
5.4613118171691895
5.657880783081055
7.141428470611572
6.422266006469727
7.929153919219971
8.711294174194336
7.321094512939453
6.535792827606201
3.0494065284729004
6.481201171875
6.738375186920166
6.884157180786133
10.35600471496582
4.189461708068848
4.557511329650879
6.084488868713379
2.4983367919921875
7.1711201667785645
2.4685730934143066
8.046075820922852
7.407171249389648
6.780170917510986
7.550231456756592
6.843245029449463
7.6562418937683105
8.763221740722656
3.5982747077941895
8.279179573059082
5.604721546173096
8.177328109741211
2.9041309356689453
6.129271030426025
4.333257675170898
3.7237110137939453
9.017569541931152
7.348416328430176
7.601717472076416
5.395519256591797
1.6349464654922485
8.80787467956543
3.25171160697937
6.527400970458984
6.051804542541504
6.529269218444824
8.269023895263672
6.122795581817627
2.7424182891845703
6.555739879608154
5.386962413787842
5.311853885650635
2.520078659057617
4.129117012023926
3.863614559173584
3.7461724281311035
6.917718410491943
7.025034427642822
6.086066246032715
7.6213202476501465
7.244746208190918
3.7698073387145996
1.7502979040145874
4.026819705963135
5.790159702301025
9.179380416870117
4.485332489013672
4.785327434539795
10.821608543395996
5.6380438804626465
3.930819272994995
5.861365795135498
7.544944763183594
4.432567596435547
7.968739032745361
7.676812648773193
7.53296422958374
5.484826564788818
8.06800651550293
4.704294204711914
5.364510536193848
7.610273838043213
2.5891263484954834
8.633095741271973
8.291961669921875
9.31689739227295
6.047975540161133
5.356739044189453
5.830044746398926
7.823760032653809
7.343239784240723
5.717436790466309
8.679425239562988
8.863073348999023
6.7870941162109375
5.231313705444336
6.230675220489502
6.064180850982666
7.491796970367432
8.376956939697266
9.678515434265137
6.478198528289795
1.3644942045211792
6.703255653381348
7.744204521179199
4.022630214691162
3.4657063484191895
4.200416088104248
5.1970744132995605
2.4006474018096924
3.7674975395202637
5.706207752227783
3.8721771240234375
4.505492687225342
8.921523094177246
5.792466640472412
2.1780898571014404
7.329547882080078
7.780184745788574
4.465838432312012
10.767144203186035
6.273313522338867
5.908336639404297
4.418209552764893
8.554455757141113
8.286354064941406
7.698802471160889
8.698267936706543
8.352657318115234
7.427340030670166
6.805960655212402
8.272692680358887
6.782783508300781
6.928505897521973
9.038442611694336
5.678150653839111
6.357767105102539
5.9856719970703125
5.421802043914795
8.243995666503906
7.406264781951904
9.198779106140137
3.212080240249634
6.867772102355957
3.421679735183716
6.443504333496094
6.899684429168701
4.7991132736206055
5.69807243347168
5.0705437660217285
6.526703357696533
3.833094596862793
7.746069431304932
2.676924228668213
6.567540168762207
6.195809841156006
8.219862937927246
5.39484977722168
6.329895973205566
7.5455193519592285
9.077794075012207
4.073500156402588
9.043922424316406
4.482568740844727
7.56842041015625
6.259328365325928
7.439774990081787
8.315792083740234
7.411261558532715
4.290064334869385
9.248534202575684
