2.5299792289733887
3.772202730178833
1.2894660234451294
1.1704096794128418
3.0848429203033447
3.462023973464966
1.653908133506775
2.109011173248291
3.5829784870147705
3.0394482612609863
1.2044481039047241
3.368661880493164
2.6102731227874756
1.1789222955703735
3.0650908946990967
2.2409868240356445
1.8559339046478271
2.2244863510131836
3.477640151977539
0.9712771773338318
4.061800003051758
3.499457359313965
2.6758716106414795
2.505470037460327
2.4362456798553467
1.467690110206604
3.398512840270996
2.0271360874176025
2.3412232398986816
1.1439868211746216
1.2432485818862915
4.236915111541748
3.3070943355560303
3.4541101455688477
1.4253066778182983
4.098804473876953
1.7340686321258545
2.7738325595855713
2.7786080837249756
3.651150703430176
1.807157039642334
1.9563721418380737
3.4901905059814453
3.0467567443847656
2.6763827800750732
3.46561336517334
2.272367000579834
2.290032386779785
3.227794647216797
1.9071004390716553
2.581012010574341
3.6315653324127197
2.1787052154541016
2.9315145015716553
1.9068443775177002
3.8990395069122314
1.2630304098129272
1.8420792818069458
3.6038668155670166
1.555259346961975
3.795562505722046
3.394704580307007
1.4418296813964844
3.3421502113342285
2.083561897277832
1.9739803075790405
3.657972812652588
1.1383004188537598
1.228508710861206
2.5565032958984375
1.2307837009429932
2.6374316215515137
1.7195122241973877
1.6289873123168945
2.574077606201172
3.163494110107422
1.717734456062317
2.1537957191467285
2.871105909347534
0.9399704933166504
1.9190531969070435
1.632133960723877
2.786444902420044
3.778177261352539
1.1220289468765259
3.4961540699005127
3.881747245788574
3.576352596282959
1.3676729202270508
2.3782877922058105
4.447638988494873
3.2529053688049316
2.556269645690918
1.6152781248092651
2.0435352325439453
2.360764265060425
1.8040735721588135
0.45052680373191833
2.2243752479553223
2.5958054065704346
