4.792028427124023
4.432605266571045
3.821373701095581
3.9049365520477295
2.953216314315796
4.701385498046875
3.880915641784668
3.380878210067749
3.8687939643859863
4.326987266540527
5.279051303863525
4.075902938842773
4.270447731018066
4.430942058563232
4.884012222290039
4.624969959259033
5.327340602874756
3.2473158836364746
5.134516716003418
4.35490083694458
4.044609546661377
3.835345983505249
4.335244655609131
4.902221202850342
4.961073875427246
4.847906112670898
3.3723978996276855
3.3826181888580322
4.054591655731201
4.580245494842529
4.180347919464111
5.37018346786499
4.183956146240234
4.336160182952881
4.553689479827881
4.444296360015869
4.9438276290893555
5.482508182525635
4.497463226318359
3.8632240295410156
3.738372802734375
3.914323091506958
4.211060523986816
4.693437099456787
5.093732833862305
3.109001874923706
3.6863183975219727
3.425194263458252
3.7963380813598633
4.877580642700195
4.7032904624938965
4.8138580322265625
4.3833208084106445
4.827139377593994
4.156447410583496
3.5664713382720947
5.436633586883545
5.095496654510498
5.508594989776611
4.468146324157715
3.782273769378662
4.472181797027588
3.9384448528289795
5.213565826416016
4.595372200012207
4.418722629547119
4.822305679321289
4.285179615020752
4.991851329803467
4.001063823699951
4.857507705688477
5.677867412567139
5.5596747398376465
4.9407267570495605
5.955100059509277
4.935568332672119
5.669646739959717
3.513209819793701
4.668635368347168
3.824502944946289
3.8843204975128174
4.971252918243408
4.192947864532471
5.5756635665893555
6.011685848236084
4.113580226898193
4.79359245300293
4.493434429168701
3.4401230812072754
4.960854530334473
4.810698986053467
5.772549152374268
4.137814044952393
4.13439416885376
4.683938026428223
3.771956443786621
4.944775104522705
5.007804870605469
5.7824273109436035
4.919857978820801
