5.566575050354004
3.4863972663879395
3.666825532913208
3.7097091674804688
2.2748241424560547
2.8887691497802734
4.192992210388184
4.661025524139404
2.1974167823791504
2.8927505016326904
4.2230963706970215
2.975017786026001
3.4883973598480225
3.559004783630371
4.076732158660889
4.4334635734558105
2.498805284500122
1.6520905494689941
4.081110000610352
2.899536609649658
3.842597246170044
4.641053676605225
3.999229907989502
3.1586804389953613
2.724957227706909
3.6826539039611816
4.244179725646973
3.7780404090881348
4.48345422744751
5.318659782409668
2.0435967445373535
3.8078651428222656
4.53622579574585
2.658104419708252
3.276865243911743
4.044149875640869
3.0411815643310547
2.355448007583618
4.003220558166504
3.7646994590759277
3.5282154083251953
4.651391506195068
3.8720881938934326
3.839130163192749
0.46160203218460083
3.4767050743103027
3.1650807857513428
4.633216381072998
2.983337163925171
1.4586259126663208
4.483699321746826
1.826505184173584
1.7416318655014038
3.3589324951171875
3.0851426124572754
3.332989454269409
2.0468368530273438
2.1554393768310547
3.095825672149658
3.5584514141082764
3.513146162033081
3.1446480751037598
2.9833788871765137
2.8260550498962402
2.8921451568603516
3.3586785793304443
2.909433364868164
2.283841609954834
4.4399590492248535
1.6298576593399048
3.605351686477661
3.5868051052093506
3.399003267288208
2.7682032585144043
3.3576064109802246
2.2425572872161865
3.6460132598876953
2.9019947052001953
3.6238558292388916
4.120540618896484
4.254992961883545
1.7449541091918945
1.4316868782043457
2.2829947471618652
3.3590779304504395
3.460155487060547
3.1295716762542725
3.548619031906128
3.456204414367676
3.078117847442627
1.8110555410385132
3.2638306617736816
2.0785107612609863
2.0426368713378906
0.8192596435546875
3.6836507320404053
4.093382358551025
3.5710809230804443
3.1909408569335938
2.7010436058044434
