3.693251132965088
1.4968481063842773
2.028951406478882
3.101138114929199
4.3953447341918945
3.0696065425872803
3.324307680130005
2.6232852935791016
1.9374070167541504
3.0465328693389893
1.7320343255996704
2.668488025665283
2.2451937198638916
4.3317131996154785
1.143537163734436
3.90124773979187
1.4198181629180908
1.967522382736206
1.7205251455307007
4.010444164276123
3.8304688930511475
3.907636880874634
2.7403805255889893
4.703448295593262
2.835585594177246
5.284802436828613
3.446967363357544
2.154357433319092
3.1414825916290283
3.0710182189941406
4.233894348144531
2.0776045322418213
3.201838970184326
1.5952956676483154
4.581398963928223
2.6519856452941895
3.9164445400238037
2.198511838912964
2.8665995597839355
2.6551902294158936
4.082365036010742
3.3574204444885254
3.6312670707702637
2.510146141052246
2.524127960205078
3.871464967727661
2.162238836288452
3.478055477142334
1.8457214832305908
2.8643839359283447
1.6114213466644287
3.642645835876465
3.0916125774383545
1.6361994743347168
3.4152560234069824
4.636035442352295
3.169402837753296
2.666996955871582
3.238917350769043
2.3283557891845703
3.018641471862793
4.974035739898682
3.3355534076690674
4.082054138183594
4.471980571746826
2.2264537811279297
1.7177879810333252
2.451810836791992
3.6493778228759766
3.262234687805176
2.8942341804504395
3.5211498737335205
3.0452792644500732
2.5109305381774902
2.5098910331726074
4.164021015167236
2.8892085552215576
3.0273525714874268
1.917832851409912
4.056053161621094
3.0651087760925293
3.1732065677642822
3.2963154315948486
2.974306583404541
3.377220630645752
2.991788625717163
2.2777955532073975
3.4464762210845947
2.983757734298706
4.42073392868042
2.8256478309631348
1.557618498802185
3.6212475299835205
2.49838924407959
2.6662585735321045
-0.4583558738231659
2.4319560527801514
2.9717557430267334
2.0421228408813477
1.947245717048645
