-1.5789191722869873
0.06648091226816177
-0.9663633704185486
-1.5680049657821655
-1.150241494178772
-2.3292441368103027
-2.794191837310791
-3.2358005046844482
-3.4925618171691895
-1.4745593070983887
-1.4447721242904663
-1.2509310245513916
-1.7666099071502686
-1.7151529788970947
-1.4433480501174927
-2.4704954624176025
-0.5084962844848633
-1.6764495372772217
-2.112175703048706
-1.9207414388656616
-1.509200930595398
-4.378984451293945
-1.1772189140319824
-2.4461116790771484
-1.5403703451156616
-3.1025710105895996
-0.07835369557142258
-2.7130637168884277
-1.4550589323043823
-1.1345462799072266
-2.3212430477142334
-2.692098617553711
-1.6321715116500854
-3.2202165126800537
-2.0504653453826904
-1.318800926208496
-0.7547223567962646
-2.7042529582977295
-2.9467294216156006
-2.5884366035461426
-2.8882291316986084
-1.640782117843628
-4.259532928466797
-0.054478105157613754
-2.770667314529419
-0.8739275336265564
-1.9014344215393066
-3.5894997119903564
-0.9702633619308472
-1.639744758605957
-1.5180442333221436
-2.147841453552246
-0.5565477609634399
-1.5373517274856567
-1.2947251796722412
-1.1595994234085083
-2.861509323120117
-2.927753448486328
-2.3424525260925293
-2.239001512527466
-2.42813777923584
-4.37843656539917
-3.1597862243652344
-1.6641517877578735
-2.029693126678467
-2.640199661254883
-1.8864564895629883
-1.6935735940933228
-1.8222261667251587
-0.019421828910708427
-1.387403964996338
-1.6536403894424438
-2.8384389877319336
-1.8084678649902344
-2.7691352367401123
-2.783416748046875
-2.816584587097168
-2.2764289379119873
-1.842078447341919
-2.099292755126953
-1.9780972003936768
-1.5141850709915161
-1.0464918613433838
-2.064276695251465
-2.100560426712036
-2.1939971446990967
-0.8258588314056396
-0.6831310987472534
-2.0957682132720947
-0.367904931306839
-1.2892423868179321
-2.148646116256714
-1.7319995164871216
-1.77339506149292
-1.3377481698989868
-1.4183086156845093
-2.730320453643799
-1.85756516456604
-2.3235223293304443
-2.8998968601226807
-2.150311231613159
-3.417268991470337
-2.588947296142578
-1.0748059749603271
0.12581034004688263
-1.9523159265518188
-1.6960184574127197
-2.0767245292663574
-1.7582037448883057
-1.113627552986145
-0.6168628334999084
-2.200880289077759
-3.205655813217163
-2.8631057739257812
-2.110741376876831
-1.775865077972412
-1.3959064483642578
-1.8153032064437866
-0.02680874615907669
-1.9203027486801147
-0.8308892250061035
-2.6854870319366455
-2.74491548538208
-2.16961932182312
-0.6269429922103882
-1.438452959060669
-2.966597318649292
-2.699129343032837
-1.0721418857574463
-0.8696903586387634
-0.8382222652435303
-1.4520292282104492
-1.5457628965377808
-1.274880051612854
-1.9374841451644897
-2.6994807720184326
-2.2072925567626953
-3.2022082805633545
-1.1171748638153076
-3.571465015411377
-1.682382345199585
-2.4771647453308105
-2.5625224113464355
-0.5439005494117737
-2.65501070022583
-0.9113075137138367
-0.8683756589889526
-0.32855257391929626
-2.311357021331787
-2.5831544399261475
-2.312473773956299
-2.330181360244751
-0.6568536162376404
-3.740739107131958
-1.1717348098754883
-1.114483118057251
-1.5077537298202515
-2.7117621898651123
-1.6104776859283447
-1.3305531740188599
-1.2503786087036133
-1.9809786081314087
-2.697899341583252
-3.0105020999908447
-1.8988525867462158
-5.19800329208374
-2.2219536304473877
-2.5569353103637695
-1.6328790187835693
-1.286380410194397
-2.720536470413208
-3.706357955932617
-2.162554979324341
-1.7672078609466553
-0.3230155110359192
-0.10713177919387817
-3.3266406059265137
-2.662987232208252
-1.7699757814407349
-0.902559757232666
-3.3101000785827637
-0.7439738512039185
-1.352242112159729
-1.6159695386886597
-0.7445653080940247
-1.3391282558441162
-1.6875721216201782
-2.458631992340088
-3.3952605724334717
-1.539891242980957
-1.684394121170044
-1.8374477624893188
-3.303654193878174
-2.5123300552368164
-2.0161867141723633
-2.361553192138672
-1.6164331436157227
-2.089205265045166
-2.271819591522217
-0.4852972626686096
-2.1060917377471924
-3.421597957611084
-1.7942533493041992
-1.3745629787445068
-2.647599458694458
-2.401644468307495
-0.89335697889328
-2.1269848346710205
-1.2347033023834229
-1.6609703302383423
-0.8949292302131653
-1.5812950134277344
0.010205392725765705
-3.4492318630218506
-1.3414136171340942
-1.3788633346557617
-2.167313575744629
-2.5499610900878906
-2.7845427989959717
-1.2020853757858276
-3.294135570526123
-3.1189305782318115
-2.408998727798462
-2.4029297828674316
-2.075289249420166
-3.3312695026397705
-2.0092546939849854
-1.9237903356552124
-1.829736351966858
-3.814798593521118
-1.5816044807434082
-1.3383606672286987
-1.2083035707473755
-1.3725244998931885
-1.4049426317214966
-2.537759780883789
-2.4720942974090576
-2.810378074645996
-2.339707612991333
-1.3666813373565674
-0.0863870233297348
-1.2317662239074707
-2.918938159942627
-1.4953519105911255
-1.3352892398834229
-0.8979911804199219
-1.7329075336456299
-2.0585074424743652
-3.1338000297546387
-2.216193199157715
-2.9057559967041016
-1.4499982595443726
-1.592611312866211
-3.675478219985962
-2.346512794494629
-2.2024264335632324
-2.632194757461548
-1.7586865425109863
-2.019366979598999
-2.4950592517852783
-2.8320484161376953
-1.942807912826538
-3.358487606048584
-3.356492519378662
-2.1457364559173584
-2.273611307144165
-2.477541208267212
-2.2128210067749023
-4.1586012840271
-2.8503918647766113
-3.1915321350097656
-2.3448519706726074
-1.6134496927261353
-1.4069830179214478
-1.5367118120193481
-1.2876865863800049
-2.591188669204712
-1.4819999933242798
-1.0634527206420898
-2.248490571975708
-1.349431037902832
-2.079857587814331
-2.146738290786743
-2.129584789276123
-1.6573108434677124
-1.8392423391342163
-0.8861842155456543
-1.636892557144165
-2.0533297061920166
-2.803478717803955
-0.8219451308250427
-2.369079351425171
-1.4549416303634644
-1.4580026865005493
-2.095832109451294
-1.8521713018417358
-2.3502016067504883
-0.2549213767051697
-1.5457546710968018
-1.6967930793762207
-1.594738483428955
-2.7341983318328857
-1.5115067958831787
-1.2747689485549927
-4.24548864364624
-1.0215131044387817
-2.5443339347839355
-2.275428533554077
-2.4593117237091064
-2.048837184906006
-1.5681484937667847
-1.4917091131210327
-1.1969757080078125
-2.889923572540283
-1.2960628271102905
0.022409498691558838
-2.630775213241577
-1.855950951576233
-1.7294775247573853
-0.7882471680641174
-1.355459213256836
-1.639143466949463
-1.7560893297195435
-1.9533785581588745
-3.244663953781128
-2.5278520584106445
-1.5608469247817993
-1.5306161642074585
-3.403676748275757
-2.1066973209381104
-2.923128366470337
-2.5369598865509033
-3.083470106124878
-0.662053108215332
-2.1738440990448
-2.844207525253296
-1.3792773485183716
-1.1887184381484985
-3.187699794769287
-1.295183539390564
-2.6353092193603516
-1.9620821475982666
-1.7657904624938965
-2.6177589893341064
-1.2868491411209106
-2.810371160507202
-1.8841736316680908
-0.7650659680366516
-1.5870000123977661
-0.42117825150489807
-1.3174843788146973
-2.6549315452575684
-2.744035482406616
-0.993896484375
-1.9095553159713745
-2.283884048461914
-2.07470440864563
-0.27573177218437195
-3.5589489936828613
-0.702549934387207
-2.113314151763916
-1.8281238079071045
-1.429538607597351
-1.9986706972122192
-1.0417587757110596
-1.241723656654358
-1.4389622211456299
-2.2420711517333984
-2.5454485416412354
-0.8842358589172363
-3.28808856010437
-2.3124284744262695
-1.7365281581878662
-1.708458662033081
-2.9003729820251465
-1.736383318901062
-3.299611806869507
-0.11113342642784119
-2.3584868907928467
-0.42429471015930176
-2.2726573944091797
-0.20108309388160706
-1.8585034608840942
-1.7821412086486816
-0.5631856322288513
-1.6062674522399902
-3.359429359436035
-2.763899803161621
-2.946479558944702
-0.1348896324634552
-0.9443540573120117
-1.0488409996032715
-3.3968255519866943
-1.7533456087112427
-1.734087347984314
-2.3825554847717285
-1.8860795497894287
-2.855574369430542
-2.237353563308716
-1.8138999938964844
-1.5444893836975098
-2.4711601734161377
-1.9270695447921753
-1.384709119796753
-1.1282973289489746
-1.1892212629318237
-2.086040496826172
-2.663325309753418
-1.240132451057434
-2.133683681488037
-1.7736682891845703
-2.4188153743743896
-3.2780966758728027
-0.6048435568809509
-1.1556984186172485
-1.1083136796951294
-1.7628841400146484
-1.8912580013275146
-2.081911087036133
-1.1194510459899902
-2.073559284210205
-2.217384099960327
-1.8046883344650269
-2.020578145980835
-1.6517078876495361
0.08129122853279114
-1.7638171911239624
-2.7167723178863525
-1.3682619333267212
-0.897015392780304
-1.4959577322006226
-0.14195509254932404
-0.6656258702278137
-1.2918643951416016
-1.8431079387664795
-1.012885570526123
-2.8097589015960693
-1.916054129600525
-0.1628115177154541
-1.8981356620788574
-1.2302703857421875
-2.292285680770874
-0.40979161858558655
-2.4070723056793213
-3.4554927349090576
-1.8144960403442383
-1.815565586090088
-1.9135897159576416
-1.2149254083633423
-3.437434196472168
-1.6426990032196045
-2.467350959777832
-2.192673444747925
-2.209043025970459
-1.9026986360549927
-1.253268837928772
-2.4825258255004883
-3.346275568008423
-1.7118555307388306
-1.48016357421875
-1.5278812646865845
-1.4404276609420776
-2.392397403717041
-3.021152973175049
-2.3274104595184326
-1.6791542768478394
-1.0276591777801514
-0.6961021423339844
-1.4510773420333862
-2.0899267196655273
-2.6643147468566895
-2.1353635787963867
-1.8842953443527222
-0.43675005435943604
-0.5764002799987793
-3.5526483058929443
-2.068966865539551
-1.7039860486984253
-2.155383825302124
-0.7384975552558899
-3.20592999458313
-2.725548505783081
-4.869035243988037
-3.4301531314849854
-2.129610538482666
-2.084329128265381
-2.304135322570801
-1.9071844816207886
-1.488216757774353
-2.0328593254089355
-1.2179715633392334
-2.928518056869507
-2.909364938735962
-1.4468045234680176
-1.9858945608139038
-2.4906961917877197
-2.188114881515503
-3.060054302215576
-2.7352757453918457
-3.6486549377441406
