8.146240234375
6.177204608917236
4.614280700683594
4.815878391265869
6.829839706420898
4.953643321990967
10.251485824584961
9.478824615478516
6.650839805603027
6.483548164367676
5.305387496948242
5.191982746124268
6.5390777587890625
6.684432029724121
6.979084014892578
4.894354820251465
7.446049213409424
9.421496391296387
11.07076644897461
8.03213882446289
9.821694374084473
8.916860580444336
7.7914228439331055
7.509418487548828
7.027378082275391
7.1176557540893555
7.2572021484375
7.548839092254639
8.673479080200195
4.639549255371094
8.14774227142334
6.845851421356201
7.213891983032227
8.148045539855957
9.537579536437988
5.980660915374756
8.661956787109375
10.06445026397705
9.668922424316406
7.905688762664795
8.112960815429688
5.432182788848877
9.879585266113281
7.186304569244385
11.190397262573242
5.819802761077881
4.380793571472168
6.539585113525391
7.639033317565918
7.776135444641113
9.14822006225586
5.035444259643555
5.078678607940674
5.343674659729004
9.245439529418945
7.664630889892578
11.027935981750488
5.402887344360352
9.555912971496582
8.786334991455078
7.594091892242432
3.557992458343506
6.093694686889648
9.342167854309082
6.997148513793945
3.142829179763794
8.010089874267578
7.2243499755859375
2.5010979175567627
7.138076305389404
7.354259014129639
2.698209762573242
10.057316780090332
7.143777847290039
11.164385795593262
11.164283752441406
6.690642833709717
6.984424591064453
5.980389595031738
8.526981353759766
8.701116561889648
7.979598045349121
4.135786056518555
8.196714401245117
7.625193119049072
5.873353004455566
3.2969934940338135
10.27132797241211
6.030932426452637
7.020300388336182
6.815601825714111
7.086799621582031
9.063166618347168
3.402918577194214
8.20788288116455
7.983943939208984
6.564511775970459
9.352920532226562
4.314244270324707
11.36526107788086
8.108721733093262
9.337736129760742
6.95326042175293
4.235024929046631
7.2660322189331055
6.12648344039917
8.812582015991211
7.442563533782959
5.5799479484558105
4.6803483963012695
9.192392349243164
7.919635772705078
8.431840896606445
8.92617416381836
6.492620944976807
8.112236976623535
10.764042854309082
6.943103790283203
7.271745681762695
5.275533676147461
7.860285758972168
5.713291168212891
6.0819478034973145
4.525700092315674
4.2032294273376465
7.372365951538086
6.0034284591674805
8.043915748596191
7.9843573570251465
3.2916271686553955
3.6576929092407227
6.59798526763916
7.372791290283203
10.136761665344238
6.932817459106445
5.540682315826416
8.691488265991211
8.553171157836914
7.433046817779541
8.512322425842285
8.327783584594727
10.336002349853516
5.794005393981934
6.200445175170898
7.373091220855713
3.613434314727783
8.274107933044434
4.0998430252075195
6.507105350494385
9.16471004486084
7.298559665679932
3.5647966861724854
7.150423526763916
6.908519744873047
9.052123069763184
6.970006465911865
7.148152828216553
7.662180423736572
9.068775177001953
10.221105575561523
4.037083148956299
9.382301330566406
6.1249470710754395
7.034581661224365
10.641644477844238
2.8547542095184326
7.753437519073486
8.665655136108398
9.769962310791016
4.754617691040039
5.501411437988281
6.35740327835083
8.94369125366211
8.061441421508789
8.133770942687988
6.342342853546143
6.272549629211426
10.552936553955078
7.713763236999512
9.892213821411133
11.911724090576172
8.99797534942627
5.054673671722412
10.982566833496094
2.073451042175293
8.871358871459961
8.51677131652832
4.044789791107178
6.083636283874512
8.07536792755127
9.4796781539917
8.74834156036377
11.1267728805542
9.796064376831055
9.835803985595703
6.482856750488281
9.277216911315918
6.104841709136963
9.306550979614258
6.745552062988281
4.295678615570068
10.033706665039062
7.03695821762085
8.244729042053223
7.737765312194824
6.2109575271606445
6.317922115325928
9.232339859008789
6.064866542816162
4.36602258682251
5.30847692489624
6.702348232269287
6.181259632110596
8.381063461303711
5.621942043304443
4.696553707122803
8.620676040649414
11.228841781616211
5.862265110015869
4.090771198272705
8.682783126831055
7.642444133758545
9.866400718688965
8.530509948730469
7.766862392425537
6.203845500946045
8.211950302124023
5.291033744812012
9.741166114807129
7.793761730194092
3.371405601501465
10.247601509094238
8.836852073669434
10.223464965820312
5.424759387969971
6.169504165649414
6.287243843078613
10.869646072387695
7.323331832885742
5.156819820404053
5.629581928253174
6.681187629699707
7.290263652801514
8.528432846069336
9.08768367767334
3.361049175262451
9.548686027526855
8.22791862487793
8.419992446899414
6.989074230194092
7.027998924255371
9.496665954589844
4.7576165199279785
6.368413925170898
8.686203956604004
10.019668579101562
5.808393478393555
6.441234588623047
6.743232727050781
5.94154691696167
11.352250099182129
2.4518017768859863
7.5659260749816895
10.146306991577148
7.979039669036865
8.458867073059082
8.940644264221191
9.004165649414062
10.137667655944824
6.725025177001953
9.008742332458496
9.049962043762207
9.205556869506836
9.35682487487793
7.059549331665039
7.309272766113281
8.684067726135254
9.655192375183105
5.187276363372803
8.74057674407959
5.150705337524414
8.696615219116211
8.41014575958252
8.720475196838379
4.822244644165039
6.5988054275512695
6.042448043823242
10.227688789367676
9.32718276977539
9.564298629760742
7.117871284484863
6.018555164337158
8.9935302734375
9.073004722595215
6.40808629989624
8.131402015686035
6.490189552307129
5.268925189971924
8.607015609741211
9.675454139709473
9.191475868225098
10.236261367797852
6.821989059448242
4.12075662612915
10.214300155639648
7.22459077835083
8.554964065551758
7.185249328613281
5.338076591491699
8.181100845336914
8.598250389099121
9.03061294555664
7.611590385437012
6.527152061462402
4.741257667541504
5.552993297576904
9.329743385314941
8.013702392578125
4.6650238037109375
8.365924835205078
9.441033363342285
9.40986156463623
2.2663700580596924
4.832726955413818
8.15762996673584
8.452168464660645
9.274734497070312
6.011133193969727
6.87751579284668
4.791833400726318
8.398553848266602
5.166469573974609
5.665050506591797
8.155877113342285
6.501694679260254
8.627203941345215
10.079004287719727
8.987062454223633
7.177858352661133
3.7922332286834717
8.26056957244873
6.528012752532959
7.6319403648376465
11.408207893371582
6.034492492675781
5.729447364807129
6.819138526916504
3.4868197441101074
7.151518821716309
3.0150208473205566
8.31495475769043
7.1306633949279785
7.562018394470215
7.989015579223633
5.941733360290527
9.528463363647461
7.959498882293701
4.174917697906494
8.929119110107422
5.830336570739746
10.86236572265625
3.419588327407837
6.475642204284668
3.8390207290649414
3.800917148590088
9.332898139953613
7.902369976043701
9.36417007446289
5.37345552444458
1.5504875183105469
10.093914031982422
4.994598388671875
7.221258163452148
7.608187198638916
7.012749195098877
7.686904430389404
6.738921642303467
4.218841075897217
6.936084270477295
5.454080581665039
5.7297682762146
3.316535711288452
3.894847869873047
4.774795055389404
4.327487945556641
7.712491035461426
7.565890312194824
6.743763446807861
8.299433708190918
7.580154895782471
3.9695985317230225
2.383787155151367
4.332583904266357
5.461653709411621
9.514373779296875
4.591894149780273
5.686962127685547
11.970097541809082
4.919222354888916
4.431746482849121
6.395730018615723
9.898202896118164
4.1279730796813965
8.39391803741455
8.971457481384277
8.817275047302246
6.402847766876221
7.291754722595215
4.714561939239502
4.450373649597168
7.367189407348633
3.171421766281128
9.22113037109375
9.314677238464355
9.548972129821777
6.748271465301514
6.1808905601501465
6.249168872833252
8.71683120727539
7.851582050323486
6.708158016204834
8.5466947555542
9.272147178649902
6.524805545806885
5.686448574066162
6.415430545806885
6.518063545227051
9.745387077331543
8.114672660827637
10.243509292602539
6.780879020690918
1.6076117753982544
6.865472316741943
8.704391479492188
5.263707637786865
3.5883171558380127
5.902592658996582
5.897747993469238
4.058976650238037
4.578107833862305
5.452051639556885
4.874648571014404
5.120251655578613
9.469230651855469
7.254949569702148
2.1796023845672607
9.432144165039062
8.194376945495605
5.435022830963135
11.093066215515137
6.82623815536499
6.118582248687744
4.348467826843262
9.876338958740234
8.867435455322266
8.020377159118652
9.541224479675293
9.16817855834961
7.326738357543945
7.112651348114014
8.545089721679688
7.766845226287842
7.048929214477539
8.752081871032715
5.616335391998291
5.702256679534912
6.335848331451416
6.101809024810791
8.985235214233398
7.92255163192749
10.632747650146484
3.4512546062469482
7.1231770515441895
4.0716657638549805
6.647873878479004
7.5602922439575195
6.090360164642334
6.988497734069824
5.049713134765625
7.108720779418945
4.68402099609375
7.679261207580566
3.5010132789611816
7.4224324226379395
6.250123500823975
9.840280532836914
5.180389404296875
6.130752086639404
9.782695770263672
9.98564624786377
4.369040012359619
9.045198440551758
6.357966899871826
7.905881404876709
6.566425800323486
9.956881523132324
9.410100936889648
8.03329086303711
5.988606929779053
9.92672061920166
