7.913780212402344
6.331549644470215
4.510181903839111
4.884272575378418
6.452106475830078
4.721823215484619
9.656060218811035
8.356765747070312
6.189811706542969
6.385931491851807
5.073696613311768
4.521820068359375
6.0634660720825195
6.392861366271973
6.639847278594971
4.709619998931885
7.286546230316162
9.148210525512695
10.66260814666748
7.067565441131592
9.646699905395508
8.854706764221191
7.398710250854492
7.447190761566162
6.8416056632995605
7.010898590087891
7.214293956756592
7.8348259925842285
7.998493194580078
4.902247905731201
7.768617630004883
6.973291397094727
7.198024272918701
8.179974555969238
8.246286392211914
6.221948146820068
8.396166801452637
10.065027236938477
9.770389556884766
7.890380382537842
7.6542067527771
4.420694351196289
9.541476249694824
6.677450180053711
10.24942398071289
5.328586578369141
4.632462024688721
5.793137550354004
7.280092716217041
7.650459289550781
9.079854965209961
4.814205646514893
5.100141525268555
5.163951873779297
9.020620346069336
7.449379920959473
10.405353546142578
5.666152000427246
9.17478084564209
7.629202842712402
6.828642845153809
2.973634958267212
5.688443183898926
7.685014724731445
6.427814960479736
3.6008286476135254
8.039407730102539
6.6772918701171875
2.095989942550659
7.0638508796691895
7.360298156738281
2.488802433013916
9.711692810058594
7.17434024810791
10.933032035827637
10.551220893859863
6.3580169677734375
6.856256008148193
5.0078558921813965
8.744446754455566
8.62655258178711
7.883395195007324
3.8391366004943848
7.1705827713012695
7.047866344451904
6.20837926864624
3.179178237915039
9.383333206176758
5.363897323608398
6.907265663146973
6.498337745666504
6.035996913909912
8.52645206451416
3.052962303161621
7.9473772048950195
7.307388782501221
5.956682205200195
9.13675594329834
3.9896738529205322
10.995193481445312
8.252518653869629
9.38967227935791
6.624281406402588
4.094381809234619
7.263455390930176
6.180562496185303
8.454713821411133
7.204981327056885
5.718710899353027
4.593202590942383
8.65548038482666
7.290528297424316
8.18626594543457
8.684280395507812
6.030020236968994
7.647860527038574
10.32967472076416
6.945268630981445
6.966339111328125
4.596457481384277
7.324661731719971
4.964803695678711
5.592687129974365
4.974536895751953
3.9734702110290527
7.309079647064209
5.201287746429443
7.354470252990723
8.123021125793457
3.154711961746216
3.7827866077423096
6.207225322723389
7.304453372955322
9.90162467956543
5.6727375984191895
5.156485557556152
7.940612316131592
8.25394344329834
6.835662364959717
8.667337417602539
7.973740577697754
10.161903381347656
5.36863374710083
5.960714340209961
6.53922700881958
3.877487897872925
7.885570526123047
4.354634761810303
5.696259498596191
8.53085994720459
7.236544132232666
3.166480302810669
7.100438117980957
6.911839962005615
8.203336715698242
6.512669563293457
6.920020580291748
6.7898335456848145
8.155669212341309
10.803388595581055
3.9663684368133545
8.58633804321289
5.770508766174316
6.3766279220581055
10.461020469665527
2.2201173305511475
8.388869285583496
8.063854217529297
9.586167335510254
4.811424732208252
5.0739569664001465
5.803818225860596
8.687541007995605
7.184702396392822
7.96473503112793
6.322842597961426
6.034365177154541
10.775700569152832
7.721336364746094
10.427436828613281
11.549432754516602
8.760772705078125
4.026883125305176
10.547612190246582
2.071399450302124
8.709187507629395
8.366352081298828
3.8867766857147217
6.272689342498779
7.494542598724365
9.033331871032715
8.132210731506348
10.782341003417969
9.645400047302246
8.928975105285645
6.408637046813965
9.352639198303223
5.934444427490234
8.889508247375488
6.54310417175293
4.800710201263428
9.89603042602539
6.749511241912842
8.045223236083984
7.563958644866943
5.412519931793213
5.657043933868408
9.464943885803223
6.513069152832031
4.097860336303711
5.091989040374756
6.437685012817383
6.234971523284912
8.700349807739258
4.998746871948242
4.21486234664917
7.196491241455078
11.219429969787598
5.667727947235107
3.9516501426696777
7.786432266235352
7.6479363441467285
10.006796836853027
7.7408528327941895
7.410053730010986
6.414830684661865
8.096762657165527
5.143445014953613
8.661874771118164
7.391918182373047
3.4467380046844482
10.970635414123535
8.60172176361084
10.040792465209961
4.353338241577148
6.175390243530273
5.961070537567139
10.580987930297852
6.395262718200684
4.718204975128174
5.727811813354492
6.331972122192383
6.441264629364014
9.082636833190918
8.720504760742188
3.2454068660736084
7.325763702392578
8.134625434875488
8.401118278503418
6.143404960632324
6.159154415130615
8.945107460021973
4.740750789642334
6.283882141113281
7.662665367126465
8.99084758758545
5.201681613922119
6.3187384605407715
6.1636505126953125
5.004909515380859
10.865384101867676
2.4928503036499023
7.494161128997803
10.053584098815918
7.874209403991699
8.046819686889648
8.637627601623535
8.795921325683594
9.567558288574219
6.862471103668213
8.793540954589844
8.646085739135742
8.277836799621582
9.04336166381836
7.007369041442871
7.064163684844971
7.444240093231201
9.354889869689941
5.010588645935059
7.684447765350342
5.222308158874512
8.673779487609863
7.1786932945251465
8.512856483459473
5.079923629760742
6.253012657165527
5.777162551879883
9.875468254089355
8.60694694519043
9.178976058959961
6.942448139190674
5.8135175704956055
8.578018188476562
8.771527290344238
5.9947404861450195
7.996739387512207
6.925413608551025
5.499913692474365
8.385900497436523
9.397109031677246
8.652063369750977
9.828728675842285
6.8124775886535645
4.057830810546875
9.865771293640137
6.952177047729492
8.640419960021973
7.087177753448486
5.283477306365967
7.400026798248291
8.396563529968262
8.153594017028809
7.32654333114624
6.011080265045166
4.156509876251221
5.131330490112305
9.0009183883667
8.205846786499023
4.292729377746582
7.941842555999756
9.308849334716797
8.714759826660156
1.6284637451171875
4.767530918121338
8.100958824157715
7.996670246124268
8.844623565673828
5.992162704467773
6.578024387359619
4.174182891845703
8.011898040771484
5.1785078048706055
5.862828731536865
7.626517295837402
6.657509803771973
8.316267013549805
9.506556510925293
8.062504768371582
6.8348798751831055
3.5315258502960205
6.790244102478027
6.521536827087402
7.169820308685303
10.862475395202637
4.702633380889893
5.109409332275391
6.770236968994141
2.812861919403076
7.238309860229492
2.702120304107666
8.028267860412598
7.252578258514404
7.02302360534668
7.708653926849365
6.528738975524902
8.488725662231445
8.185415267944336
3.8469173908233643
8.55094051361084
5.6858601570129395
9.429850578308105
3.122018337249756
6.37048864364624
3.876540184020996
3.8223087787628174
9.103944778442383
7.640110969543457
8.331748962402344
5.556890487670898
1.629691481590271
9.657424926757812
3.9760844707489014
6.9543375968933105
6.707017421722412
7.025094509124756
7.841509819030762
6.3067946434021
3.7169132232666016
6.650582790374756
5.4960222244262695
5.317852020263672
2.9161484241485596
4.0404052734375
4.343235969543457
3.713634490966797
7.313634395599365
7.368208408355713
6.434550762176514
7.708038806915283
7.409597396850586
3.654289960861206
2.1585476398468018
4.068150997161865
5.712854862213135
9.306591033935547
4.813136100769043
5.271090984344482
11.114022254943848
5.608802795410156
4.284965991973877
6.043460369110107
8.724813461303711
4.263840198516846
8.205635070800781
8.016983985900879
8.287737846374512
5.94639778137207
7.515569686889648
4.754962921142578
5.070615768432617
7.712024211883545
2.646636724472046
8.800111770629883
8.882003784179688
9.11011791229248
6.456838607788086
5.824937343597412
5.839635372161865
8.199427604675293
7.556346416473389
6.124489784240723
8.664154052734375
9.164877891540527
6.699358940124512
5.404908657073975
6.265125274658203
6.488743305206299
8.574261665344238
8.629415512084961
10.00219440460205
6.563569068908691
2.3409669399261475
6.667099475860596
8.228608131408691
4.295498371124268
3.299635410308838
5.0363383293151855
5.283799171447754
3.2935566902160645
4.087562561035156
5.5728960037231445
4.22357177734375
4.8254547119140625
9.086507797241211
6.763821601867676
2.150890350341797
8.195732116699219
7.977147102355957
4.552446365356445
10.741986274719238
6.289577007293701
5.769097805023193
4.348393440246582
9.19361400604248
8.65190315246582
8.157153129577637
9.032228469848633
8.904678344726562
7.542342185974121
6.7271199226379395
8.34389591217041
7.184150695800781
6.945065975189209
8.865693092346191
5.382176876068115
6.251222610473633
6.1672539710998535
5.9755425453186035
8.65365219116211
7.641360759735107
9.996380805969238
3.120494842529297
6.919814586639404
3.5713493824005127
6.22816276550293
7.288445949554443
5.2754225730896
6.39040470123291
5.115652084350586
6.8092041015625
4.10909366607666
7.992349624633789
3.094353675842285
7.038069725036621
6.13632345199585
8.819121360778809
5.543514728546143
6.238528728485107
8.74843978881836
9.738490104675293
4.453129768371582
9.03391170501709
5.457223415374756
7.579219818115234
6.556475639343262
9.069489479064941
9.251830101013184
7.7396721839904785
5.148289680480957
9.58891487121582
