-0.06788916140794754
0.638563871383667
1.3145573139190674
2.901824951171875
-0.3014713525772095
0.841288149356842
0.549402117729187
-1.0595756769180298
-0.5142276287078857
1.3822849988937378
-0.49371251463890076
2.7361366748809814
1.7726203203201294
-0.21518000960350037
0.4389842748641968
2.544945240020752
-0.4559551477432251
-1.2486975193023682
0.9726792573928833
-0.8838822841644287
1.5404236316680908
0.7284249663352966
-0.34145161509513855
0.16589729487895966
2.056638717651367
1.25081467628479
0.40516749024391174
2.313971519470215
0.013776236213743687
0.7465967535972595
0.8731439709663391
1.0409977436065674
0.5502618551254272
1.6389321088790894
2.441098213195801
-0.666728138923645
1.8126510381698608
0.8049436807632446
1.3745163679122925
-0.17887239158153534
0.7350795865058899
1.2127114534378052
2.2694320678710938
2.0666697025299072
0.6162273287773132
-0.028738155961036682
-0.06051184982061386
1.8667716979980469
2.7999212741851807
1.6513700485229492
1.8859277963638306
-0.5320655703544617
0.7030826210975647
0.8529036045074463
2.1353554725646973
0.7687184810638428
-0.6332718133926392
0.13830961287021637
1.6188040971755981
0.12574252486228943
0.2291402816772461
1.615731120109558
-0.32648029923439026
3.623727321624756
1.4665846824645996
1.78779935836792
2.1679272651672363
1.6176774501800537
0.7190056443214417
1.7953401803970337
-1.9967734813690186
0.5228818655014038
-0.3767808973789215
1.8506580591201782
1.0559227466583252
-0.5377377867698669
1.0447237491607666
0.36473116278648376
-0.4250180721282959
1.3635478019714355
0.9958204627037048
2.475379705429077
-0.0018269602442160249
-0.2049076408147812
-0.9402294158935547
0.9942690134048462
0.4999808371067047
0.6545225381851196
0.5338661670684814
-0.08983702212572098
0.15909835696220398
1.525291919708252
2.4327399730682373
-0.658168375492096
0.9920085668563843
0.32774555683135986
1.250497579574585
-0.6927952170372009
0.5542573928833008
2.139629602432251
0.2829800546169281
0.06512691080570221
0.16663174331188202
2.746347427368164
-0.054588433355093
1.1768512725830078
0.3366912305355072
0.3730067014694214
1.5824129581451416
0.9821786880493164
-1.282875895500183
0.7432047724723816
0.2562713325023651
0.9984405636787415
0.682661771774292
0.5080384016036987
2.0544090270996094
0.10172585397958755
-0.17284050583839417
2.1584415435791016
-0.15399856865406036
-0.054552435874938965
0.12967167794704437
1.3186112642288208
0.738127589225769
-0.7995511293411255
1.057786464691162
0.5924685597419739
1.3621238470077515
1.5616226196289062
1.6934090852737427
-0.3968110680580139
0.3686666488647461
0.30543193221092224
-1.565518856048584
-0.1982564628124237
1.079877495765686
0.44549134373664856
0.2567735016345978
1.591892123222351
1.5442805290222168
0.49025020003318787
0.20363116264343262
1.5064367055892944
1.2388427257537842
0.9160996675491333
1.930776834487915
0.3257376551628113
1.0446712970733643
-0.6039406657218933
1.3029663562774658
0.807456910610199
0.8471440672874451
1.6669366359710693
0.8060194849967957
1.300895094871521
1.2573927640914917
0.9519012570381165
0.653237521648407
0.4673440754413605
0.6317662000656128
1.9097309112548828
1.5601813793182373
1.5222135782241821
0.32570934295654297
-0.4977964758872986
1.9466298818588257
-0.590430498123169
1.4927011728286743
-0.7995492219924927
1.4566782712936401
-0.1438557207584381
0.17228743433952332
1.4532434940338135
-0.838236927986145
-0.4682261347770691
-1.398881435394287
0.3579699397087097
0.7497287392616272
1.0383434295654297
0.18660512566566467
0.30595341324806213
0.8467493653297424
0.5555668473243713
1.639245867729187
-0.17573626339435577
0.3870149254798889
0.10376787185668945
2.345123052597046
1.83126962184906
2.2744154930114746
3.3375096321105957
-0.3697637915611267
-0.16687998175621033
-0.5936511754989624
-0.6227418780326843
-0.2857201397418976
0.9638058543205261
1.765109896659851
-0.39626607298851013
1.4408390522003174
1.624434471130371
1.5252454280853271
1.3322057723999023
1.4703820943832397
-0.2801993787288666
1.905749797821045
1.217513084411621
0.1374424248933792
1.0889551639556885
0.9928666353225708
2.1909339427948
1.303148865699768
0.023786481469869614
1.2905359268188477
-0.4082758128643036
2.274427890777588
2.1746883392333984
1.2190309762954712
-0.7714987397193909
0.8742365837097168
0.27973583340644836
-0.25721853971481323
2.179901599884033
1.7607851028442383
0.08629680424928665
1.811808705329895
0.7498576045036316
0.9229728579521179
-0.15005333721637726
0.518015444278717
0.1733982414007187
0.22725896537303925
0.5644866824150085
-0.3090648055076599
0.9400501847267151
0.5639697909355164
0.8650139570236206
0.19499321281909943
2.605698823928833
0.11945796012878418
-0.51759934425354
-0.2834385335445404
1.7758187055587769
0.5349283814430237
0.4739006757736206
1.0305886268615723
0.4741959869861603
0.140760600566864
0.5682098269462585
0.8279737234115601
0.8921582102775574
2.1698646545410156
2.228381872177124
0.8778336644172668
1.1751530170440674
-0.2481941282749176
0.0440085344016552
1.3623939752578735
2.365670680999756
1.715078592300415
-0.3494114577770233
0.07770948112010956
0.6384356617927551
1.6129783391952515
1.666898250579834
-0.3167426586151123
1.647199034690857
1.4812551736831665
-0.057754822075366974
0.5659964084625244
0.17078086733818054
2.072417974472046
0.5987104177474976
0.22756198048591614
0.12631016969680786
2.0025713443756104
1.1458940505981445
1.925388216972351
-0.44749361276626587
0.4432501792907715
0.4079349935054779
0.5202311277389526
0.6963608860969543
1.8470723628997803
1.1512833833694458
0.09464631229639053
2.2657480239868164
1.4079346656799316
0.5098959803581238
0.9952276945114136
-0.15342068672180176
1.137623906135559
-0.012166265398263931
0.5349950194358826
0.9465340375900269
0.595725953578949
-0.8836647868156433
0.6849745512008667
1.0630098581314087
1.762211561203003
0.46502676606178284
1.1951903104782104
0.5439977049827576
1.5489140748977661
0.5457490086555481
1.4858424663543701
0.8354619741439819
2.22613525390625
2.1446733474731445
0.1456700563430786
2.444453477859497
0.5931373238563538
2.039311408996582
0.34418225288391113
0.003861147677525878
1.4003974199295044
0.8687970042228699
1.9871940612792969
1.8584156036376953
0.5873442888259888
0.07983952015638351
1.0916637182235718
-0.4333891272544861
0.5752666592597961
1.4082446098327637
0.6440889239311218
1.1333775520324707
2.1223323345184326
0.9220137000083923
0.4964520335197449
0.07767757773399353
1.2563737630844116
2.052821159362793
-2.417877197265625
-0.4298708140850067
-0.2998342514038086
1.3036057949066162
0.7990923523902893
1.6688177585601807
0.7433793544769287
0.8010072112083435
2.046785354614258
1.334228754043579
0.9488618969917297
1.5623124837875366
1.6647467613220215
0.7822966575622559
0.6609424352645874
1.611146330833435
1.1870406866073608
2.0499048233032227
-0.07563016563653946
1.3156400918960571
2.1368210315704346
0.6663255095481873
1.4842867851257324
1.8950001001358032
-0.696698009967804
0.6434720158576965
2.0311012268066406
-0.7202120423316956
1.2309820652008057
0.8101813197135925
1.4310731887817383
-1.1277531385421753
0.9230936169624329
-1.4135721921920776
1.7351453304290771
0.9436943531036377
0.9201635718345642
2.5733683109283447
0.45297226309776306
1.962471604347229
1.2961504459381104
0.7907582521438599
0.2606357932090759
0.929133951663971
2.852668523788452
1.380243182182312
-0.47962793707847595
-0.323854923248291
0.5326532125473022
1.452872395515442
0.03700362145900726
1.624922275543213
0.6899897456169128
2.094024419784546
0.5420330166816711
1.271787405014038
1.7903589010238647
1.8541946411132812
2.078486680984497
1.7649532556533813
0.9472957849502563
1.1872771978378296
1.313546895980835
0.38288798928260803
-0.1460845172405243
-0.17418894171714783
1.353132724761963
1.0615878105163574
0.31677719950675964
0.2045728862285614
-1.0438833236694336
1.0295979976654053
0.09344841539859772
0.3449670970439911
-0.9395075440406799
2.7216103076934814
-0.009439783170819283
0.46258875727653503
3.104990005493164
1.7474111318588257
-0.775843620300293
0.48598966002464294
-0.31435078382492065
0.17561620473861694
2.321376085281372
1.4952443838119507
-1.1947503089904785
0.10656630992889404
1.5855000019073486
-0.26633957028388977
1.1758882999420166
1.0729434490203857
1.5945792198181152
0.6200602650642395
-0.5788106322288513
-0.6363250613212585
1.891788363456726
1.8640871047973633
2.0639681816101074
3.2409021854400635
2.469094753265381
0.9007532000541687
1.393589735031128
0.7730859518051147
1.0245805978775024
1.5175191164016724
0.4609906077384949
0.8870020508766174
-1.1219627857208252
-0.11388135701417923
1.5686182975769043
-0.1939890831708908
0.4446006417274475
0.2458135485649109
0.4760013520717621
-0.8223510384559631
1.7875642776489258
0.8234897255897522
0.8469494581222534
3.5836663246154785
1.8432700634002686
0.49197983741760254
0.20667284727096558
-0.5138683319091797
1.7577824592590332
1.6899778842926025
0.8067315816879272
1.6304665803909302
1.4565271139144897
1.6366876363754272
1.7004845142364502
1.1949412822723389
0.016352243721485138
0.5739250779151917
0.49949342012405396
1.5517722368240356
0.6275734901428223
1.3583183288574219
2.1242077350616455
1.40724778175354
-0.3498277962207794
0.6107978224754333
2.2234513759613037
1.0457878112792969
0.6642879843711853
2.2141244411468506
0.7328764796257019
-1.3117880821228027
1.8440871238708496
2.899775505065918
1.2554138898849487
0.2536184787750244
1.6309611797332764
-0.48328152298927307
-0.23138532042503357
1.1397210359573364
0.9362210035324097
-0.8684418201446533
0.1683710813522339
1.7583439350128174
1.5527405738830566
0.7761853337287903
2.575937032699585
1.477343201637268
0.13470673561096191
0.8990963101387024
