-0.13219010829925537
1.8090471029281616
1.8719600439071655
2.8673572540283203
-0.2181871086359024
1.2251179218292236
1.17966890335083
-0.28096216917037964
-0.37160101532936096
2.4118683338165283
-0.612832248210907
2.7131104469299316
2.3432230949401855
0.05912017822265625
0.6331677436828613
3.1961898803710938
0.7446828484535217
-0.3246823847293854
1.9715794324874878
-0.24303096532821655
1.5165395736694336
0.6201566457748413
0.04589162766933441
0.513117790222168
2.7392380237579346
1.0358188152313232
1.2076151371002197
2.4643399715423584
-0.24256594479084015
0.8479121923446655
1.836341142654419
1.4599565267562866
0.3543720543384552
2.258180618286133
2.4771854877471924
0.23280441761016846
1.7261005640029907
2.042712926864624
1.3281053304672241
1.0649840831756592
0.8255698680877686
0.9658195972442627
2.4954004287719727
2.4409260749816895
0.5749164819717407
1.4414727687835693
0.26064184308052063
2.046633243560791
3.102081298828125
2.735724687576294
2.7141759395599365
0.14075858891010284
1.6673576831817627
1.0247067213058472
1.9111477136611938
1.6344081163406372
-0.7597904205322266
1.273093581199646
2.1246047019958496
0.6990033388137817
0.07856687903404236
1.7600865364074707
0.21716628968715668
4.357033729553223
1.2396947145462036
2.096412181854248
2.5924313068389893
1.8016923666000366
0.5602070093154907
1.7983824014663696
-1.1221814155578613
0.244378462433815
-0.03819818049669266
1.8482691049575806
1.3436132669448853
0.4245148003101349
1.6902862787246704
0.8589465618133545
-0.32333293557167053
0.9406164884567261
1.0758075714111328
2.2159059047698975
1.0053108930587769
0.5911313891410828
-0.28270408511161804
1.891876220703125
0.6703510880470276
1.1454652547836304
1.4845302104949951
0.5892415046691895
0.9805616736412048
1.890740990638733
2.6849513053894043
-0.05322231352329254
2.7705705165863037
0.4212525486946106
1.242008924484253
0.31504517793655396
0.6901406049728394
2.3564021587371826
0.7667326927185059
1.0721806287765503
0.4447935223579407
3.680000066757202
-0.31719860434532166
1.8182671070098877
0.8216595649719238
0.8665650486946106
1.382625937461853
1.2343988418579102
-1.430166244506836
1.1837760210037231
0.5084524750709534
1.055753231048584
1.576130986213684
1.3059108257293701
2.1289641857147217
0.5666576027870178
0.11472008377313614
2.0066933631896973
0.7432584762573242
0.11010748893022537
0.3164171278476715
1.3017171621322632
0.6812587380409241
-0.13660453259944916
0.9067085981369019
1.8362233638763428
1.7134761810302734
2.25689959526062
1.8894197940826416
1.1348087787628174
0.3788972496986389
0.4089335799217224
-1.4829280376434326
0.3407333791255951
1.1324384212493896
0.9671273231506348
0.0470573864877224
1.6569539308547974
1.700382947921753
0.6004933714866638
0.6950591206550598
1.7336816787719727
0.8016958832740784
1.6539709568023682
1.7123136520385742
0.48838451504707336
2.1989645957946777
0.036789361387491226
1.4252747297286987
0.7647624611854553
0.8070612549781799
2.6669013500213623
1.1975549459457397
1.7578924894332886
1.8303638696670532
1.2859609127044678
0.8317208290100098
0.5956200361251831
1.0012547969818115
1.5207990407943726
2.2466719150543213
1.5030330419540405
0.5701771974563599
0.8514979481697083
2.40342378616333
0.2782142162322998
2.0159668922424316
-0.6913529634475708
1.3199732303619385
0.8706225752830505
0.0955817848443985
1.481070637702942
-0.8771823048591614
-0.6915724873542786
0.20367053151130676
0.5154368281364441
0.5859346389770508
1.6124076843261719
0.8327468037605286
0.9157208204269409
0.8364715576171875
1.2269842624664307
1.5957156419754028
0.6447066068649292
1.3747159242630005
0.26632386445999146
2.608258008956909
1.9342881441116333
3.2681994438171387
3.315028190612793
0.9470534324645996
-0.4161819815635681
1.0741400718688965
-0.5715160369873047
0.22977811098098755
1.463087797164917
1.949893832206726
-0.039182148873806
1.6771085262298584
2.146433115005493
2.093092203140259
1.406308889389038
1.4976247549057007
0.26705944538116455
2.080965518951416
1.509049892425537
0.4084088206291199
1.694820761680603
1.5513056516647339
2.163673162460327
2.404798746109009
0.21460047364234924
1.714956521987915
0.1668832153081894
2.864912986755371
2.644695281982422
1.88441801071167
0.06798303127288818
1.368971347808838
0.760067343711853
0.43517187237739563
2.6670238971710205
2.2110824584960938
0.7169305086135864
1.6118578910827637
0.7783299684524536
0.8863375782966614
0.6012656688690186
0.43767309188842773
-0.12719473242759705
0.2265748679637909
1.084120273590088
-0.03871345520019531
0.8642958998680115
0.5832219123840332
1.4814040660858154
0.3123202621936798
2.585218906402588
0.6918015480041504
-0.6417949795722961
-0.2645048499107361
2.0170376300811768
0.7665510177612305
0.9870487451553345
1.7716619968414307
1.1957883834838867
0.0506141297519207
1.1173452138900757
0.9248494505882263
1.1003719568252563
1.9354480504989624
2.7589163780212402
1.33905029296875
0.8097286224365234
-0.11066363006830215
0.4149338901042938
1.9812146425247192
3.077446699142456
1.6680787801742554
-0.36210620403289795
1.8103047609329224
0.48070386052131653
2.0095348358154297
1.4848682880401611
-0.021547559648752213
1.8650602102279663
1.7311760187149048
0.2221432477235794
0.7712160348892212
0.03266166150569916
1.9370536804199219
1.961138367652893
1.3100258111953735
1.3581191301345825
2.382667303085327
1.5385005474090576
1.9290692806243896
-0.08558809012174606
0.6878881454467773
0.9973602294921875
0.9875721335411072
2.28225040435791
1.8649345636367798
1.075556755065918
0.11206876486539841
3.1355435848236084
1.8275773525238037
1.1268353462219238
1.049668550491333
-0.1143641471862793
1.4984352588653564
0.9052241444587708
1.117587924003601
1.4474201202392578
0.7301953434944153
-0.6307744383811951
1.0310355424880981
1.679864525794983
2.095158338546753
0.6671677827835083
1.1926683187484741
1.3500515222549438
2.173058032989502
0.6748583912849426
1.7736084461212158
1.535197138786316
2.1990280151367188
2.349916696548462
0.20281438529491425
3.4791383743286133
0.8268685340881348
1.8603218793869019
0.6220189332962036
0.18391188979148865
1.2103873491287231
1.3119451999664307
1.8108445405960083
2.1089653968811035
1.4961990118026733
0.20620284974575043
1.4312723875045776
0.010633853264153004
1.809598445892334
1.4331324100494385
0.48940935730934143
0.9292609691619873
1.9158620834350586
2.3544833660125732
1.3865519762039185
0.9441532492637634
1.7510783672332764
2.6464786529541016
-0.8192692995071411
-0.40656596422195435
0.3761853575706482
1.8928420543670654
2.364361524581909
1.6228392124176025
0.7471362352371216
0.7891350388526917
2.7262001037597656
1.8964886665344238
1.5385664701461792
1.903741478919983
2.6047990322113037
1.1803330183029175
1.2167837619781494
1.4917000532150269
1.6523770093917847
3.1107912063598633
0.05285583809018135
2.0218656063079834
2.375227212905884
0.6912510395050049
1.906816005706787
2.9290339946746826
0.08983734250068665
0.7390037178993225
1.7365784645080566
-0.6320449113845825
1.4416139125823975
1.712159514427185
1.816644310951233
-0.01245150901377201
1.5437461137771606
-0.434878408908844
2.6392228603363037
1.0838371515274048
1.3921663761138916
2.7443885803222656
0.2961784303188324
1.8408703804016113
1.4491239786148071
0.7436026334762573
0.3984881639480591
0.8662233948707581
2.7523725032806396
1.3938169479370117
-0.5126734375953674
-0.08665892481803894
1.1960382461547852
1.540597915649414
0.1145188957452774
2.166663408279419
2.240870714187622
2.332951545715332
0.3865256607532501
1.5013489723205566
2.4753048419952393
2.3183202743530273
2.223897695541382
2.583696126937866
1.3032974004745483
1.633163332939148
1.4891583919525146
0.17867513000965118
0.28949588537216187
-0.16525107622146606
1.7927254438400269
0.7820592522621155
0.36783427000045776
0.08133938163518906
-0.3685128390789032
1.2835752964019775
0.3547084629535675
0.49055320024490356
-0.3235754370689392
2.6565442085266113
0.4977820813655853
0.7653229832649231
3.081498384475708
1.8471908569335938
-0.19984863698482513
0.491599440574646
-0.016960112378001213
0.40135374665260315
3.3672707080841064
1.6168344020843506
-0.6454526782035828
0.9641495943069458
2.253915548324585
0.3894197344779968
1.2887725830078125
0.8576105237007141
1.9163141250610352
2.540893316268921
-0.3486337959766388
0.12037892639636993
2.3706133365631104
1.5270801782608032
2.166520118713379
2.651432514190674
2.7438371181488037
0.9420853853225708
1.8615788221359253
0.7379982471466064
1.1729437112808228
1.9543404579162598
0.873088002204895
1.2096401453018188
-0.7767653465270996
0.5272746086120605
1.9507544040679932
0.421148419380188
0.8134321570396423
1.4632176160812378
1.8413758277893066
0.3668096363544464
1.7253382205963135
0.6069085597991943
0.9313029050827026
3.9845149517059326
1.5455520153045654
0.1052543893456459
1.0970450639724731
-0.23468397557735443
2.300795555114746
1.7244808673858643
1.1549474000930786
1.4866164922714233
1.5460726022720337
1.8928357362747192
1.5256954431533813
0.9950203895568848
1.7838013172149658
0.9064462780952454
0.7877962589263916
1.9957318305969238
0.8441157341003418
1.7029818296432495
2.037757635116577
1.4138437509536743
0.0382460318505764
0.7860356569290161
2.229074239730835
1.985325813293457
1.2810676097869873
3.234358787536621
0.8468322157859802
-1.1188262701034546
1.7454297542572021
3.0213427543640137
1.4790899753570557
0.11112470179796219
1.693004846572876
0.1444542407989502
0.6721285581588745
1.667858362197876
1.5047972202301025
1.113293170928955
0.5938209295272827
1.8671228885650635
1.7393985986709595
1.3841331005096436
2.85410213470459
1.4488619565963745
1.005780816078186
2.020703077316284
