1.5237256288528442
0.8131006956100464
1.7554435729980469
1.8735671043395996
1.22651207447052
1.0014501810073853
-0.3422086536884308
1.9255192279815674
1.8067626953125
1.9293068647384644
0.7833331227302551
2.004978656768799
0.5790719389915466
0.9622594714164734
1.6335899829864502
-0.38166287541389465
2.6458818912506104
-1.2139294147491455
-0.7029651999473572
0.6164193153381348
1.1866874694824219
0.7597825527191162
0.1836346983909607
-0.2931591868400574
0.7711083292961121
0.42105814814567566
3.0141654014587402
3.3773913383483887
0.9118335247039795
1.1549570560455322
-1.1703410148620605
-0.5941126942634583
-0.05367491394281387
1.018741488456726
1.2133805751800537
1.6498048305511475
0.9618929028511047
-0.6851342916488647
0.14178861677646637
3.574282646179199
0.7658370733261108
2.280498504638672
0.7543888688087463
0.2276129275560379
0.9573824405670166
1.270527958869934
0.6863150000572205
1.3291741609573364
-0.6045997738838196
0.32686442136764526
-2.5517783164978027
2.148785352706909
0.8193601369857788
2.628305673599243
-0.6216995716094971
0.46302491426467896
1.0198898315429688
1.601420283317566
-1.4558956623077393
-0.7109535932540894
2.7269556522369385
1.816935658454895
2.1797633171081543
0.009161313995718956
0.671688437461853
1.1503859758377075
-1.8555426597595215
2.7332913875579834
3.812411308288574
0.7630626559257507
0.1299937516450882
2.1067545413970947
-0.024524368345737457
2.403038501739502
-0.21052014827728271
-0.6341672539710999
0.04648735001683235
-0.34380167722702026
1.9229905605316162
-0.8551028370857239
1.425540566444397
1.021235704421997
2.248028516769409
-0.03199943155050278
2.038811683654785
0.07953773438930511
0.05072667449712753
0.9640584588050842
1.1730374097824097
2.298382520675659
0.9363114833831787
0.7726629972457886
-1.0845667123794556
2.026690721511841
3.000864028930664
2.673126697540283
0.6444421410560608
0.30439233779907227
2.394899845123291
-0.4291034936904907
-1.3543576002120972
0.5123311281204224
1.5365413427352905
1.422978162765503
2.844334125518799
2.38651442527771
0.8000833988189697
0.6912650465965271
2.3706607818603516
1.8284534215927124
0.6493310928344727
-0.17089514434337616
2.423705816268921
0.5465676188468933
0.6453038454055786
0.4638043940067291
-0.3471512496471405
1.8073482513427734
0.6395694017410278
0.3470674753189087
-0.2535916566848755
2.0694620609283447
-0.8414061069488525
-0.21379372477531433
1.7821435928344727
0.9156486392021179
0.14377769827842712
0.12139272689819336
0.6955780982971191
0.08640994131565094
3.3173482418060303
2.042008876800537
1.5208739042282104
-1.1624606847763062
-0.3550296723842621
1.003906488418579
-0.606087863445282
2.7512319087982178
1.7794116735458374
1.345022439956665
2.1489546298980713
-1.717302680015564
-0.0047957501374185085
1.2778208255767822
1.184691071510315
3.1165506839752197
-0.31446316838264465
1.4789683818817139
0.6354199647903442
-0.9487488865852356
0.1061321422457695
-0.6491034030914307
2.6943509578704834
1.5459530353546143
1.1448167562484741
0.5803021788597107
-1.0630942583084106
0.5904029607772827
1.1744121313095093
0.5464123487472534
2.914978504180908
-1.3432384729385376
0.6246874928474426
1.697826623916626
0.814482569694519
2.5298848152160645
-1.282748818397522
0.5958483815193176
-0.2852581739425659
1.6566989421844482
1.3597654104232788
1.0105586051940918
0.2359820306301117
0.32429951429367065
-0.06863956898450851
0.7208690643310547
0.7007965445518494
0.3970103859901428
0.7900378704071045
-1.1955002546310425
-0.5295912027359009
-0.5168944597244263
0.28250378370285034
0.7580673694610596
2.425044298171997
-0.13355909287929535
0.42713141441345215
1.5193170309066772
2.6820778846740723
0.3851047158241272
-0.10134854912757874
-0.3007373511791229
1.9503812789916992
1.978432297706604
-0.6069671511650085
1.3009381294250488
-1.4368808269500732
0.6298245787620544
-0.95877605676651
2.9564285278320312
2.4255547523498535
0.33947989344596863
2.762561082839966
-0.13507992029190063
-0.371253103017807
2.7336270809173584
0.9724137783050537
0.1026669442653656
1.4830278158187866
4.1107401847839355
0.02258116751909256
2.3649041652679443
0.8557507395744324
0.7076423168182373
-0.36489948630332947
1.505191683769226
-0.29763197898864746
-1.0339809656143188
1.3319659233093262
2.1720097064971924
1.1023297309875488
2.5783674716949463
-0.36458414793014526
1.2290964126586914
-0.8239527344703674
2.2547390460968018
1.1385164260864258
1.360480546951294
-0.1657715141773224
2.2866764068603516
-1.3005975484848022
-1.7652978897094727
2.645664930343628
-1.3686507940292358
1.4386779069900513
1.3363523483276367
3.1958093643188477
-1.4657944440841675
2.740338087081909
1.3336575031280518
1.3096466064453125
1.8537944555282593
-0.19755819439888
0.6854198575019836
-0.28210219740867615
1.2442718744277954
-1.5317021608352661
-0.6415936946868896
-0.6547590494155884
2.0987837314605713
-0.2891828119754791
-0.563023567199707
1.6656370162963867
0.8210852146148682
-1.1358752250671387
-1.2085801362991333
-0.8502614498138428
2.731228828430176
1.282653570175171
0.7136217355728149
-0.3164738118648529
1.5079848766326904
1.015608549118042
0.19348619878292084
-1.090087652206421
-0.9496567845344543
0.9811277389526367
1.1671535968780518
1.0470505952835083
2.6361470222473145
0.7641487717628479
0.6698727607727051
0.7927824854850769
-1.1781662702560425
0.6776090860366821
0.6858311891555786
0.7828073501586914
1.8755353689193726
1.6683217287063599
-0.8507502675056458
1.0817800760269165
-1.3306453227996826
1.0034732818603516
0.3909667134284973
2.076261520385742
2.6158859729766846
0.4678184986114502
-0.4270772337913513
1.0437884330749512
-0.3076287508010864
-0.2722989320755005
2.1667354106903076
0.137717142701149
1.0240782499313354
2.1925108432769775
0.09117750823497772
1.098545789718628
1.0249273777008057
-0.11042796075344086
0.8689266443252563
0.5799154043197632
0.8247612714767456
1.2553293704986572
1.2993732690811157
0.6178329586982727
-0.10173533856868744
-0.5777184963226318
0.750525712966919
0.5135701894760132
0.16332265734672546
-0.09888924658298492
-1.1524463891983032
2.428917407989502
0.4474104940891266
1.193411111831665
1.1523728370666504
-0.018230946734547615
0.6676746606826782
0.8653771281242371
0.9511846899986267
0.7696152925491333
-0.2614101469516754
2.6217362880706787
-2.214435338973999
2.548449754714966
1.791053056716919
-0.4220356345176697
1.8680827617645264
1.9642583131790161
-0.43463653326034546
0.36981892585754395
-0.5095329880714417
2.5195765495300293
-0.3920927047729492
0.032583147287368774
1.7509790658950806
0.8064451217651367
0.013788722455501556
2.175034999847412
-0.42043524980545044
-0.8291518092155457
2.313656806945801
-0.49632298946380615
0.8169751167297363
1.7010747194290161
2.7124569416046143
2.6634573936462402
0.9438366889953613
1.284032940864563
-0.06241827830672264
0.3264095187187195
-1.21409273147583
0.15240494906902313
1.5869845151901245
0.5681501626968384
0.4503856599330902
-1.0980956554412842
1.2936339378356934
2.563415288925171
-0.104177325963974
0.10844841599464417
1.9581568241119385
0.5348826050758362
1.705519676208496
2.512648582458496
-0.47348055243492126
0.5299660563468933
-0.6076614260673523
1.508100152015686
1.7153013944625854
1.4548768997192383
2.8784592151641846
-0.6083492040634155
1.3179187774658203
1.9282824993133545
0.6582211256027222
1.4276208877563477
1.7010411024093628
1.517714023590088
0.8691167235374451
0.8435012102127075
1.428280234336853
1.977149248123169
4.427720546722412
-0.2788308560848236
0.4589657187461853
2.781893491744995
1.8443351984024048
0.616753876209259
0.8244503736495972
0.8392971158027649
0.7825903296470642
1.3127504587173462
-0.5446401834487915
-1.4970794916152954
0.4283953011035919
1.6168898344039917
1.3286770582199097
1.7442342042922974
4.317703723907471
0.24336320161819458
-0.30896079540252686
2.2204244136810303
1.1761635541915894
1.0591962337493896
-0.12078378349542618
-0.03244737535715103
-0.6671194434165955
1.6079403162002563
1.611980676651001
1.566189169883728
1.1457397937774658
0.9136919379234314
-0.91290283203125
-1.1772119998931885
-0.10463900119066238
0.7396947145462036
1.8558406829833984
0.5234602093696594
0.3115622103214264
2.860137462615967
-1.4622783660888672
1.241390585899353
-0.17452247440814972
2.066312551498413
1.0084292888641357
0.49458780884742737
0.02665802650153637
0.5638202428817749
-1.449863314628601
-0.272061824798584
0.4411510229110718
1.29799222946167
1.2783361673355103
2.3026278018951416
0.8824151754379272
1.096839189529419
-0.3797265589237213
1.4455974102020264
0.4961865246295929
2.3827648162841797
-0.3461645543575287
0.37682202458381653
1.2151039838790894
2.996107578277588
1.450063705444336
0.5767366886138916
2.0217130184173584
1.3621917963027954
-0.041543133556842804
0.6715288162231445
2.7420530319213867
0.4280284345149994
-0.6740567684173584
0.4900047481060028
0.4108548164367676
1.8377270698547363
0.687349796295166
-0.7830401659011841
1.945670247077942
-0.7075538039207458
0.6831834316253662
0.1252976953983307
-0.15714678168296814
0.36761170625686646
0.8999723792076111
0.10218218713998795
0.06315942108631134
1.1885547637939453
0.018634138628840446
0.8790326118469238
1.6233431100845337
-0.6179323196411133
-0.8519138693809509
0.09617726504802704
-0.005658687092363834
0.359942227602005
2.1995222568511963
2.039396047592163
-0.6238637566566467
0.8637803196907043
2.553445339202881
2.3935515880584717
1.2597564458847046
2.147900342941284
0.4183916449546814
1.820319414138794
2.3748722076416016
2.3679287433624268
-0.11413189023733139
1.9178699254989624
0.8180222511291504
4.188741207122803
-0.9489120841026306
-0.18457850813865662
-0.4781480133533478
-0.7976639270782471
0.0273561030626297
1.5767168998718262
0.08688591420650482
