2.516536235809326
2.07389497756958
2.4742913246154785
2.0957300662994385
1.909658670425415
2.3124470710754395
2.654660224914551
2.2764720916748047
3.1198678016662598
3.5817811489105225
2.193331718444824
2.817692518234253
1.9608986377716064
3.1825664043426514
2.2383737564086914
2.38175106048584
3.065845012664795
2.021303653717041
1.9230506420135498
3.1361935138702393
1.8170597553253174
2.3680694103240967
2.1310131549835205
2.505859136581421
2.6119048595428467
2.067439079284668
2.3625802993774414
2.5736122131347656
2.023698091506958
2.040604829788208
2.1222620010375977
3.1937549114227295
2.886845827102661
2.710400104522705
2.5060818195343018
2.154465436935425
1.715577244758606
2.6259164810180664
2.3404505252838135
2.950693130493164
2.8828163146972656
1.7989952564239502
2.362882137298584
3.1073975563049316
2.6113107204437256
2.587273359298706
2.2831389904022217
2.8815417289733887
3.026472330093384
2.6229751110076904
2.7085602283477783
1.7580629587173462
4.589136600494385
1.6080220937728882
2.368557929992676
2.4042370319366455
2.141049861907959
2.096609354019165
2.798666477203369
1.9808236360549927
2.72379994392395
2.3756868839263916
1.887064814567566
2.054069995880127
1.473954677581787
2.5139198303222656
2.3600292205810547
1.682647943496704
2.550147533416748
3.14300537109375
3.2965898513793945
1.8244527578353882
2.711930513381958
2.7741873264312744
1.9092767238616943
2.4928784370422363
2.4164037704467773
1.83058762550354
2.82738995552063
1.7064729928970337
3.5172786712646484
2.740204095840454
2.2567496299743652
1.9283777475357056
2.4394946098327637
2.837693691253662
2.751077651977539
3.367662191390991
2.660429000854492
1.9456411600112915
2.7118542194366455
2.546180486679077
2.1293771266937256
2.543351650238037
2.3457508087158203
2.9643001556396484
2.607595682144165
2.3060014247894287
2.148663282394409
1.988173484802246
2.179969310760498
2.9283244609832764
2.7337310314178467
1.9931421279907227
1.8732523918151855
2.981175661087036
2.5845866203308105
1.2513395547866821
1.9014747142791748
2.8174233436584473
1.5157331228256226
3.394592761993408
1.913529872894287
3.073098659515381
1.6839953660964966
2.8712544441223145
1.256272554397583
2.94704008102417
2.697662830352783
2.4082274436950684
2.1262412071228027
2.566420078277588
2.8311681747436523
1.486868977546692
3.0901317596435547
