0.6159311532974243
0.6460559964179993
0.3784725069999695
0.8093346357345581
0.7074536085128784
0.23049983382225037
0.28549617528915405
0.9288241863250732
1.3544601202011108
0.24955861270427704
1.5584452152252197
0.593886137008667
0.2659706771373749
1.6854252815246582
0.9160766005516052
0.3730115294456482
0.30945098400115967
0.5829644203186035
0.4751543402671814
1.8800984621047974
1.0776711702346802
0.760681688785553
1.2438290119171143
0.9749858975410461
0.837468683719635
0.7170863151550293
0.5344911813735962
0.8328583240509033
0.7876368165016174
1.928074598312378
0.9678774476051331
1.7044447660446167
1.0305534601211548
0.9721850752830505
0.8857179880142212
0.15389114618301392
0.3029784858226776
1.2301727533340454
1.266178011894226
1.6452751159667969
1.129986047744751
0.656038224697113
0.14952431619167328
0.3420109748840332
0.5722946524620056
0.7994248867034912
1.3038190603256226
0.4179151654243469
1.5953130722045898
0.4163932204246521
0.718300998210907
0.762779951095581
0.31119802594184875
0.9266430735588074
0.45302215218544006
0.3506958484649658
1.7355455160140991
0.6479012966156006
0.44999605417251587
0.6436254978179932
0.23809245228767395
1.3253517150878906
0.759815514087677
0.39669808745384216
2.1167705059051514
0.6011759042739868
0.5553832650184631
1.2896350622177124
0.7535676956176758
1.011740803718567
0.11121292412281036
0.15817299485206604
0.38704198598861694
1.4865957498550415
0.34305888414382935
0.6715815663337708
0.7270946502685547
1.036239504814148
0.5615644454956055
1.635022521018982
0.7175180315971375
1.1348835229873657
1.0958229303359985
0.831638753414154
1.166314721107483
0.6779650449752808
0.6955326199531555
0.5841716527938843
0.3259851038455963
1.0029042959213257
0.6706428527832031
0.8248321413993835
0.7996399402618408
0.18021050095558167
0.8168696761131287
1.1150544881820679
1.4779362678527832
0.8103341460227966
0.6853311061859131
0.4858529269695282
0.48012015223503113
0.5584285259246826
0.1769927740097046
0.9133020043373108
0.582632839679718
-0.016241494566202164
0.580950915813446
0.405487984418869
0.5797755718231201
0.8203851580619812
0.9984303116798401
0.8868557810783386
0.45408254861831665
0.4294060468673706
1.1090677976608276
0.23831121623516083
0.9933893084526062
0.79426109790802
0.597493052482605
0.3348461985588074
1.0601119995117188
0.12992754578590393
1.5897536277770996
0.8870201110839844
0.20038290321826935
