1.0815658569335938
0.8994183540344238
1.763879418373108
1.9084014892578125
1.175993800163269
0.9215608835220337
0.17413681745529175
1.8842214345932007
1.4841094017028809
2.095595359802246
0.9027796387672424
1.8053607940673828
0.657463788986206
0.9116000533103943
1.7830311059951782
-0.5981524586677551
2.279473066329956
-0.9989709854125977
-0.706627368927002
0.7462036609649658
1.3996822834014893
1.028286337852478
0.40353208780288696
0.2560180723667145
0.5843027830123901
0.44641947746276855
2.953294038772583
3.534905195236206
0.9289348721504211
1.1112589836120605
-1.1225156784057617
-0.5774136781692505
0.8166618943214417
0.6295670866966248
1.2682737112045288
1.6028631925582886
1.4057567119598389
-0.35875362157821655
0.18317148089408875
3.5620720386505127
0.661734402179718
2.276116132736206
0.4703022837638855
0.23236586153507233
1.3320770263671875
1.2783927917480469
0.637026846408844
1.467369556427002
-0.5167713761329651
0.3749051094055176
-2.2084715366363525
2.1365573406219482
0.7656531929969788
2.684544324874878
-0.5499386787414551
0.6763462424278259
0.9463961124420166
1.86456298828125
-0.9418854117393494
-0.5828000903129578
2.5270800590515137
1.4135061502456665
2.141948699951172
0.1480807214975357
0.5634341835975647
0.9633015394210815
-1.8364778757095337
2.7993078231811523
3.824171304702759
0.6286100149154663
0.2551902234554291
2.1523211002349854
0.08693113923072815
2.5104408264160156
-0.20969530940055847
-0.23730683326721191
0.19940738379955292
-0.23122553527355194
1.998190999031067
-0.9071670770645142
1.6532715559005737
0.975318193435669
2.389948844909668
0.04863224923610687
2.1641883850097656
0.07500779628753662
0.11611562222242355
0.9402303099632263
1.1216278076171875
2.2285189628601074
0.8973470330238342
0.6952471733093262
-1.0881270170211792
1.9304261207580566
2.8650481700897217
2.51643705368042
0.7330935597419739
0.5319731831550598
2.1108627319335938
-0.19331367313861847
-1.1222463846206665
0.49705690145492554
1.6403263807296753
1.4103797674179077
2.8229563236236572
2.2246756553649902
0.8532261252403259
0.6016792058944702
2.2485709190368652
1.8138281106948853
0.5578018426895142
0.03698166087269783
2.3048951625823975
0.7402777075767517
0.5448994636535645
0.42408785223960876
-0.14133599400520325
2.0545623302459717
0.5866895318031311
0.1304817646741867
-0.1110084280371666
1.939203143119812
-0.9709417819976807
-0.2678106427192688
1.6022374629974365
0.8699756264686584
0.1663256734609604
0.11269409209489822
0.813130259513855
0.1311122179031372
3.2126376628875732
1.969950795173645
1.6163185834884644
-0.7704967260360718
-0.23029907047748566
0.8097162842750549
-0.4285467267036438
2.6983871459960938
1.8152750730514526
1.2810925245285034
2.0758724212646484
-1.3845689296722412
0.0713212639093399
1.0432151556015015
1.0793156623840332
3.0915486812591553
-0.21080246567726135
1.559882640838623
0.5508473515510559
-0.8897477388381958
0.051221802830696106
-0.7654990553855896
2.7602202892303467
1.2798610925674438
1.4647071361541748
0.4404125511646271
-1.1015212535858154
0.43051987886428833
1.4154331684112549
0.6241344213485718
2.9169552326202393
-1.3725483417510986
0.6974301338195801
1.722196102142334
0.7440814971923828
2.3269100189208984
-1.3008862733840942
0.47205933928489685
-0.006944856606423855
1.371148705482483
1.5516889095306396
0.7531981468200684
0.24200665950775146
0.4875360131263733
-0.06597887724637985
0.7906452417373657
0.7084460258483887
0.5268896818161011
0.9012980461120605
-1.708527684211731
-0.6001249551773071
-0.6661008596420288
0.42681118845939636
0.5180219411849976
2.341611862182617
-0.3364883363246918
0.4731017053127289
1.6906598806381226
2.456814765930176
0.6006595492362976
-0.04955310747027397
-0.39889854192733765
2.041321039199829
2.138934373855591
-0.7387210130691528
1.1753853559494019
-1.406761884689331
0.7652410864830017
-0.9046328067779541
3.0168018341064453
2.4859766960144043
0.48942670226097107
2.4996256828308105
0.24570094048976898
-0.4075199067592621
2.929555654525757
1.0277950763702393
-1.6708374459994957e-05
1.3175472021102905
3.9336817264556885
0.03504687920212746
2.234229326248169
0.8266022205352783
0.5220748782157898
-0.3890056312084198
1.6688990592956543
0.4370841979980469
-0.9457880854606628
1.2335351705551147
1.8295408487319946
0.9196139574050903
2.867846727371216
-0.18028344213962555
1.1078652143478394
-0.6615700721740723
2.4209084510803223
1.2957210540771484
0.9219620823860168
-0.06360018998384476
2.2321696281433105
-1.0990469455718994
-2.088346481323242
2.6247127056121826
-1.1093469858169556
1.5543732643127441
1.2230160236358643
2.935243844985962
-1.2582063674926758
2.8947503566741943
1.2373520135879517
1.2525936365127563
1.8554551601409912
-0.029577968642115593
0.7470369935035706
-0.1875956505537033
1.506422519683838
-1.007613182067871
-0.5369641780853271
-0.5234500169754028
2.2169301509857178
-0.2661159932613373
-0.428070068359375
1.5200120210647583
0.9412269592285156
-1.056028962135315
-1.1386160850524902
-0.5857906937599182
2.359126329421997
1.2448240518569946
0.6499258875846863
0.2602839767932892
1.7565182447433472
1.0149452686309814
0.016598276793956757
-1.0771650075912476
-0.9673268795013428
1.2118778228759766
1.0565603971481323
0.8283559083938599
2.5837557315826416
1.264201283454895
0.38940808176994324
1.0621709823608398
-1.2274593114852905
0.9438929557800293
0.6931300163269043
0.6790404319763184
1.9197484254837036
1.477526307106018
-0.8462098836898804
1.106474757194519
-1.068231225013733
1.0729548931121826
0.4718014597892761
2.163302421569824
2.4345407485961914
0.42271748185157776
-0.1734604835510254
1.136841893196106
-0.32140061259269714
-0.298229843378067
1.952185869216919
0.07672486454248428
1.1929985284805298
2.050344228744507
-0.02833135612308979
1.093188762664795
1.021517276763916
0.028042208403348923
0.7111514210700989
0.7202278971672058
1.184376835823059
1.0575114488601685
1.2549364566802979
0.8955836296081543
-0.16538961231708527
-0.41064152121543884
0.8340438008308411
0.31076517701148987
0.456032931804657
0.13284578919410706
-1.0786906480789185
2.5749928951263428
0.37712526321411133
1.1433956623077393
0.9407234191894531
0.1978597342967987
0.6208190321922302
1.0334175825119019
1.2709068059921265
0.8287294507026672
-0.21237528324127197
2.629880428314209
-1.9246236085891724
2.5643210411071777
1.6048260927200317
-0.2285425364971161
1.7767961025238037
1.341718077659607
-0.5200386643409729
0.20766766369342804
0.11752520501613617
2.3424596786499023
-0.3822835683822632
0.07193919271230698
1.6805837154388428
1.1533117294311523
0.08893246948719025
1.8608834743499756
-0.3326360583305359
-0.6578966379165649
2.249002695083618
-0.6676857471466064
0.6316161155700684
1.9132165908813477
2.3845913410186768
2.619506359100342
0.7132048606872559
1.2010036706924438
0.14582328498363495
0.49018749594688416
-1.0830405950546265
0.22636818885803223
1.5372192859649658
0.6275720596313477
0.42008543014526367
-1.0676146745681763
1.304559350013733
2.8658804893493652
-0.12973694503307343
0.3810950219631195
1.936842918395996
0.8990407586097717
1.415061116218567
2.472878932952881
-0.4948115050792694
0.5450029373168945
-0.6278266310691833
1.6590737104415894
1.5529268980026245
1.351983904838562
3.1082875728607178
-0.39941835403442383
1.527555227279663
1.9871684312820435
0.5492681264877319
1.6478806734085083
1.6043345928192139
1.355965256690979
0.9034267663955688
0.6066766977310181
1.5563756227493286
1.8162176609039307
4.459140777587891
-0.3660569489002228
0.6356103420257568
2.7632596492767334
1.5428000688552856
0.6357157826423645
0.6043663024902344
0.830274224281311
0.8401662707328796
1.498902440071106
-0.6838490962982178
-1.396980881690979
0.40198132395744324
1.7096134424209595
1.3033026456832886
1.597375750541687
4.2133989334106445
0.3028874397277832
-0.11559174209833145
2.1572024822235107
1.7410311698913574
1.1608452796936035
-0.185772106051445
0.08181469142436981
-0.34221529960632324
1.606481909751892
1.6651636362075806
1.498881220817566
0.9298040866851807
0.9916834831237793
-0.8811665773391724
-1.0371850728988647
-0.05366060882806778
0.7546383738517761
1.92739999294281
0.3957218527793884
0.15707039833068848
2.664823293685913
-1.1299437284469604
1.4122976064682007
-0.07923194766044617
2.0073111057281494
0.8902150392532349
0.3957669138908386
0.35844486951828003
0.3993511199951172
-1.2214463949203491
-0.3143559992313385
0.4348504841327667
1.3221019506454468
1.6449085474014282
2.3297441005706787
1.0449602603912354
1.2030589580535889
-0.3922879099845886
1.5821858644485474
0.3628079295158386
2.271880865097046
-0.6512322425842285
0.36926743388175964
0.9669137001037598
3.0031261444091797
1.3495725393295288
0.7164183855056763
1.7574304342269897
1.3943040370941162
-0.3517219126224518
0.6739580631256104
2.814103603363037
0.44654592871665955
-0.5450483560562134
0.5740432739257812
0.7122481465339661
1.7645833492279053
0.6732626557350159
-0.6250995993614197
1.6518166065216064
-0.5875429511070251
0.6362813711166382
0.5530880093574524
-0.24272866547107697
0.6444088220596313
0.7658041715621948
0.020263273268938065
0.09847623109817505
1.101508617401123
-0.026859866455197334
1.4340102672576904
1.782294750213623
-0.5144678354263306
-0.8382779359817505
0.22873693704605103
0.12855292856693268
0.32048967480659485
2.163708448410034
2.0311145782470703
-0.4901305139064789
0.752821683883667
2.8792405128479004
1.8055065870285034
1.0125584602355957
2.039447546005249
0.3984471559524536
1.6987160444259644
2.2338004112243652
3.04585599899292
-0.050893090665340424
1.8854835033416748
0.6307113170623779
4.070531368255615
-1.0123742818832397
0.07176875323057175
-0.2723529040813446
-0.7814397215843201
-0.12019126862287521
1.921181082725525
0.16362157464027405
