-0.05006587505340576
0.8112794160842896
1.8357499837875366
1.2435150146484375
0.3064332604408264
1.9062764644622803
0.2036493867635727
0.6175421476364136
0.4674895703792572
0.760533332824707
1.6949959993362427
1.1784653663635254
0.6522930264472961
0.06588570773601532
0.4696617126464844
1.153586506843567
0.7337256669998169
-0.06077786162495613
0.33924707770347595
1.9110974073410034
2.4584639072418213
1.1977378129959106
0.5439114570617676
0.6262000799179077
0.6543006896972656
0.6665894985198975
0.11316979676485062
2.0181221961975098
1.1601468324661255
2.2079622745513916
0.6600009202957153
0.5274365544319153
0.3864409029483795
1.5697866678237915
1.070954442024231
1.04669189453125
0.9385325312614441
0.9169564247131348
1.1584933996200562
1.9894250631332397
-0.3314667344093323
2.017596960067749
1.0442391633987427
0.769987940788269
1.032072901725769
1.0898343324661255
1.0245835781097412
1.4814783334732056
0.6551059484481812
0.8514547348022461
0.6821826100349426
1.235107421875
2.2880489826202393
0.5313237905502319
0.997050404548645
0.4743761420249939
-0.13981638848781586
1.6544049978256226
0.9042567014694214
1.7060588598251343
0.8970685005187988
1.7452319860458374
1.8067960739135742
0.8296012282371521
1.3836793899536133
0.6126822829246521
1.493514895439148
0.7959437370300293
-0.3630070090293884
0.7549845576286316
1.3078367710113525
1.7573466300964355
2.1671035289764404
-0.604674220085144
1.4400113821029663
1.4301645755767822
0.8258176445960999
1.4959495067596436
0.6245086193084717
0.10429710149765015
1.0280994176864624
1.1953436136245728
2.6889724731445312
0.3468276262283325
2.022667169570923
1.2307350635528564
1.3229608535766602
1.16737961769104
0.7992985248565674
0.8329595923423767
0.905035138130188
1.530314326286316
2.629465103149414
1.1362955570220947
1.106581449508667
1.2599648237228394
0.2405828982591629
1.6436173915863037
1.264866590499878
1.059772253036499
