0.13398350775241852
0.7471423149108887
1.0297261476516724
0.7857596278190613
1.8012306690216064
0.7723038196563721
0.5698500871658325
1.0499383211135864
-0.3596338927745819
0.08039053529500961
1.1876574754714966
-0.10466397553682327
0.6393829584121704
1.4834245443344116
0.7497692108154297
1.4668056964874268
1.1621830463409424
0.29703953862190247
1.7083187103271484
1.2415692806243896
2.1424460411071777
-0.21592628955841064
0.3244782090187073
1.1516207456588745
1.0133196115493774
0.5014877319335938
0.6462855935096741
1.2667887210845947
1.162367820739746
0.7815729975700378
0.6861616373062134
0.2437705546617508
0.34119686484336853
0.1666218638420105
1.1175389289855957
0.7828563451766968
0.9856948852539062
1.1437299251556396
1.0697599649429321
0.6790621876716614
0.7749297618865967
0.35888540744781494
0.8914028406143188
0.6780015230178833
0.9027771353721619
0.8673641085624695
1.339897871017456
1.1799005270004272
1.7748513221740723
1.0144224166870117
1.4564329385757446
1.1734589338302612
1.3346039056777954
1.4493646621704102
0.3893778622150421
1.1888495683670044
1.1138794422149658
0.49913597106933594
0.3325660824775696
0.6662930250167847
0.9098104238510132
1.2980566024780273
0.9192137122154236
0.4023948311805725
1.6050747632980347
0.6951805949211121
1.6658693552017212
1.4076074361801147
-0.004132455214858055
0.6946549415588379
1.5909643173217773
1.3156970739364624
1.3318438529968262
0.6447798609733582
0.12564381957054138
0.4792858958244324
0.9639806151390076
0.8668923377990723
0.7189335227012634
0.956702470779419
0.48543915152549744
1.198162317276001
0.5176258683204651
1.5457231998443604
1.8586238622665405
1.632419466972351
1.2209389209747314
1.5158673524856567
0.35098227858543396
1.263641595840454
1.207611083984375
1.105629801750183
0.8435239791870117
0.6004929542541504
0.4050479829311371
0.5462799072265625
0.20196810364723206
1.2749361991882324
1.144698143005371
0.46494370698928833
