8.595704078674316
6.292255878448486
4.449436664581299
4.450333118438721
7.105454444885254
4.993306636810303
10.580706596374512
9.9859037399292
6.790191173553467
6.51751708984375
5.126592636108398
5.373725414276123
6.767025947570801
6.317382335662842
6.8292012214660645
5.596614837646484
7.410237789154053
9.808757781982422
10.818339347839355
8.857592582702637
10.0275297164917
9.134263038635254
8.373371124267578
7.329092025756836
6.778202533721924
7.187242031097412
7.440614700317383
7.233691692352295
9.31361198425293
4.474934101104736
8.368911743164062
6.987752437591553
6.738279819488525
8.149234771728516
11.033419609069824
5.955995559692383
9.403841018676758
10.07296085357666
8.857542991638184
7.263139247894287
8.777173042297363
6.232754707336426
10.309488296508789
7.113816738128662
11.240097999572754
5.935804843902588
4.567831039428711
7.025168418884277
8.267723083496094
7.821927070617676
9.235212326049805
4.8820061683654785
4.963186740875244
5.392815113067627
9.35141658782959
7.953602313995361
11.388696670532227
4.908316135406494
9.400506019592285
10.20743179321289
8.243486404418945
4.4103498458862305
6.632497787475586
11.11732006072998
7.595327377319336
3.1139204502105713
7.618802070617676
7.212034702301025
3.218597888946533
7.163193702697754
7.630898475646973
2.642786741256714
10.180617332458496
6.5557732582092285
10.924493789672852
11.342558860778809
7.409167766571045
6.818296909332275
6.585923194885254
8.328636169433594
9.115541458129883
8.439181327819824
3.9914751052856445
9.60215950012207
8.212855339050293
5.554323196411133
3.998980760574341
10.837889671325684
6.298199653625488
7.0225114822387695
7.31657075881958
9.026636123657227
9.731088638305664
3.434720039367676
7.969353199005127
8.697569847106934
7.510944366455078
9.765507698059082
4.425914764404297
11.357495307922363
7.970679759979248
9.478277206420898
6.9188690185546875
4.436924457550049
7.164968490600586
5.98179292678833
9.447813987731934
7.481728553771973
5.597091197967529
4.642185688018799
10.236337661743164
8.605921745300293
8.219935417175293
8.743096351623535
7.180533409118652
8.21234130859375
11.1025390625
6.85616397857666
6.993693828582764
5.298314571380615
7.965282440185547
6.008049488067627
6.47293758392334
4.6518096923828125
3.9503352642059326
7.106167316436768
6.636963844299316
8.419306755065918
7.683108806610107
3.8557288646698
3.8432350158691406
6.835984230041504
7.808802127838135
10.166251182556152
9.290791511535645
5.8996052742004395
9.090002059936523
8.276693344116211
8.4417724609375
8.102136611938477
8.444717407226562
10.094017028808594
5.7886762619018555
6.461071491241455
7.399458885192871
3.5326220989227295
8.715676307678223
4.035732746124268
7.030283451080322
9.912546157836914
7.262142181396484
3.9789998531341553
7.34061861038208
7.264062881469727
9.635870933532715
7.405776500701904
7.3099775314331055
7.723921298980713
9.63378620147705
8.97651195526123
4.1798810958862305
10.239145278930664
5.883502960205078
7.378188610076904
10.529001235961914
3.3566243648529053
7.2798848152160645
9.016409873962402
9.797249794006348
5.036693572998047
6.467740058898926
6.679591655731201
9.204795837402344
8.066730499267578
7.799299716949463
6.0221052169799805
6.477961540222168
10.185298919677734
7.700759410858154
8.976653099060059
11.727320671081543
9.569801330566406
6.320858955383301
11.182971954345703
2.119529962539673
9.252035140991211
8.816843032836914
4.162312030792236
5.3172221183776855
8.397017478942871
10.181437492370605
9.082632064819336
11.547429084777832
9.532214164733887
10.539710998535156
6.385515213012695
9.49003791809082
6.481525421142578
9.01900577545166
6.737287521362305
3.81831955909729
9.93385124206543
7.14204216003418
7.263666152954102
7.148004531860352
6.483489036560059
7.139991283416748
9.088134765625
5.6666107177734375
4.981439113616943
5.4871296882629395
6.808167457580566
6.043854236602783
8.799983978271484
6.370863914489746
5.1487507820129395
11.042469024658203
10.900172233581543
6.362359523773193
4.376486778259277
9.163617134094238
7.397542476654053
9.685212135314941
9.745975494384766
7.8588056564331055
5.485596179962158
8.134225845336914
5.66685152053833
10.101449966430664
8.178915023803711
3.6088037490844727
9.135990142822266
8.873161315917969
10.53956413269043
7.6259636878967285
5.931690216064453
6.76597261428833
10.845535278320312
7.2864909172058105
5.42503023147583
5.0208845138549805
6.921557903289795
7.832993984222412
7.541901111602783
8.835468292236328
4.068295955657959
11.308527946472168
8.560051918029785
8.455413818359375
7.457006931304932
7.638857841491699
9.933913230895996
4.350008964538574
6.773435115814209
9.44980239868164
10.7349271774292
6.281855583190918
6.598690986633301
6.8692426681518555
6.427027225494385
11.475881576538086
2.459591865539551
7.248854160308838
10.582254409790039
8.418701171875
8.702230453491211
9.251503944396973
8.79426097869873
10.691237449645996
6.694414138793945
9.050924301147461
9.232396125793457
10.14250373840332
9.44222354888916
6.9317402839660645
8.113438606262207
9.290925979614258
9.839264869689941
5.721840858459473
9.703200340270996
6.064594745635986
8.671030044555664
9.68476390838623
8.854668617248535
4.313862323760986
6.7325897216796875
6.471431732177734
10.028963088989258
9.74333381652832
9.576130867004395
7.4059977531433105
5.900845050811768
9.58531379699707
8.978292465209961
6.872873783111572
8.16409683227539
5.846306324005127
5.146816730499268
9.056716918945312
9.281893730163574
9.447065353393555
10.341246604919434
6.557908058166504
3.864281415939331
10.65473461151123
8.004168510437012
8.375576972961426
6.573955059051514
5.3381242752075195
8.945170402526855
8.55954360961914
9.587495803833008
7.946873664855957
6.508910655975342
5.542999744415283
5.236347675323486
9.633539199829102
8.154260635375977
5.092106819152832
8.610151290893555
9.189645767211914
9.400033950805664
3.1507747173309326
4.820580959320068
8.000051498413086
8.556888580322266
9.79057788848877
6.309032440185547
6.852116107940674
5.629960536956787
8.270295143127441
5.471152305603027
5.166070938110352
8.717123985290527
6.745455265045166
8.36098575592041
10.473566055297852
10.021058082580566
7.304287433624268
4.592155933380127
9.575573921203613
5.902323246002197
7.9122772216796875
11.609694480895996
7.9445719718933105
6.422105312347412
7.072073936462402
5.18941593170166
7.104285717010498
4.399270534515381
8.212004661560059
6.795222759246826
7.45760440826416
8.141899108886719
5.48829460144043
9.56120491027832
7.581318378448486
4.695796966552734
9.231144905090332
5.948204040527344
11.37744140625
3.8257267475128174
5.870899677276611
4.162032127380371
3.9119911193847656
9.575888633728027
7.7352824211120605
10.105544090270996
5.570995330810547
1.5882539749145508
10.511292457580566
6.203803539276123
7.1374287605285645
9.155227661132812
6.775245189666748
7.3345112800598145
7.289502143859863
4.137325763702393
6.806850910186768
5.23794412612915
5.708150386810303
2.9555282592773438
3.6377437114715576
4.9572625160217285
5.669023513793945
7.704465389251709
7.414758682250977
7.118123531341553
8.935590744018555
7.41736364364624
4.442901134490967
2.877197027206421
5.172776699066162
5.058770656585693
9.553915023803711
4.495789527893066
6.089757442474365
12.135285377502441
4.158933162689209
4.980997085571289
6.789233207702637
10.269508361816406
3.734236717224121
8.815682411193848
9.589107513427734
9.710698127746582
6.5596818923950195
7.0296950340271
4.792723655700684
4.1426215171813965
7.122133731842041
3.9461638927459717
9.385560035705566
9.791930198669434
10.041292190551758
6.3617377281188965
6.578188419342041
6.103043556213379
8.986740112304688
8.23331356048584
6.798009872436523
8.402016639709473
9.027098655700684
6.708431243896484
5.861873149871826
6.413199424743652
5.98951530456543
10.687820434570312
7.784671306610107
10.496297836303711
7.226233005523682
1.0128023624420166
6.542020797729492
8.737807273864746
6.750174522399902
3.8103418350219727
7.1129655838012695
6.425791263580322
4.167850017547607
4.968526363372803
5.316669464111328
5.694140434265137
5.12821102142334
10.061688423156738
7.906989097595215
1.9911227226257324
10.325213432312012
8.283082962036133
6.254585266113281
10.981865882873535
7.394456386566162
6.185713768005371
4.340320110321045
10.521364212036133
9.663810729980469
8.066062927246094
9.336341857910156
9.467720031738281
7.400035858154297
7.149230480194092
8.792014122009277
8.026187896728516
7.734074115753174
8.770970344543457
6.099027633666992
4.7417497634887695
6.618679523468018
6.004761219024658
8.987239837646484
8.162981033325195
11.3822660446167
3.8597404956817627
6.933318614959717
4.819879055023193
6.403905391693115
7.747747421264648
7.557924270629883
6.9819416999816895
5.437058925628662
7.482637882232666
5.101091384887695
7.14821720123291
3.858311414718628
7.325501441955566
5.848227500915527
11.110241889953613
5.377725601196289
6.218677520751953
10.312108039855957
9.75301456451416
4.586219787597656
8.767646789550781
7.328694820404053
7.869703769683838
6.668824195861816
10.504217147827148
9.584593772888184
8.358696937561035
7.026790618896484
9.661685943603516
