8.900761604309082
6.415916442871094
3.7175488471984863
3.769840955734253
7.200197219848633
5.278264999389648
10.504920959472656
10.073884963989258
6.8706560134887695
6.463466644287109
4.780340194702148
5.174907207489014
6.566624164581299
4.797440528869629
6.553225517272949
5.746129512786865
7.2733473777771
9.73083782196045
10.298745155334473
9.024192810058594
9.75318431854248
8.868551254272461
8.552440643310547
7.094741344451904
6.637120246887207
6.7350263595581055
7.076694488525391
6.470714092254639
9.287556648254395
3.9908969402313232
8.184263229370117
7.070345878601074
5.879182815551758
7.78061056137085
11.192399024963379
5.156505584716797
9.435157775878906
9.590010643005371
8.033123970031738
6.6755805015563965
8.582693099975586
6.798845291137695
10.35509204864502
6.090243339538574
10.89738941192627
6.4496331214904785
4.631953716278076
6.023269176483154
8.933890342712402
7.902606010437012
9.112792015075684
4.897189617156982
4.580069541931152
5.224969387054443
9.704527854919434
8.513837814331055
11.137859344482422
3.811673164367676
8.783905029296875
10.685983657836914
7.316941738128662
5.134518146514893
6.523134708404541
11.429666519165039
7.502318859100342
2.737307548522949
6.9747314453125
6.389663219451904
3.5885396003723145
6.9313201904296875
7.928544998168945
3.1084070205688477
10.12147045135498
6.108254909515381
9.888885498046875
11.189827919006348
7.774594306945801
6.530953884124756
6.525671482086182
7.736302852630615
9.295197486877441
8.295439720153809
3.8473496437072754
10.125876426696777
8.148148536682129
5.137646675109863
4.926486015319824
10.785791397094727
5.809176445007324
6.933892726898193
6.980679035186768
10.04106616973877
10.138669967651367
2.89430832862854
7.812364101409912
8.284037590026855
7.955455780029297
9.33663272857666
3.944934606552124
10.781584739685059
7.485548496246338
9.540864944458008
6.432143211364746
3.767258405685425
6.549454212188721
5.25016450881958
9.165861129760742
7.293361186981201
5.336722373962402
5.013498306274414
11.01213550567627
8.860472679138184
7.268742084503174
8.199563980102539
7.580657958984375
7.658167362213135
11.868435859680176
6.7868218421936035
7.001303195953369
5.274083137512207
8.561010360717773
6.46369743347168
6.539433002471924
4.016229629516602
3.4780404567718506
6.372619152069092
6.544119834899902
8.555700302124023
7.087098121643066
4.811744689941406
3.5901880264282227
6.0426740646362305
7.734278202056885
9.595460891723633
10.342991828918457
5.882773399353027
9.411913871765137
7.4897847175598145
7.810931205749512
7.2178850173950195
8.553204536437988
9.48971939086914
5.9337263107299805
6.371875762939453
7.878086090087891
3.5688672065734863
8.813520431518555
3.189890146255493
6.500230312347412
9.469610214233398
6.803736209869385
4.4677534103393555
7.135112285614014
6.966916084289551
9.58073616027832
7.677301406860352
7.2088704109191895
7.149130821228027
9.668013572692871
7.3101043701171875
4.060135364532471
10.575711250305176
5.269777297973633
7.103408336639404
10.416292190551758
3.6477227210998535
6.481125831604004
9.520350456237793
9.70670223236084
4.942025661468506
7.084002494812012
6.63348913192749
8.803905487060547
7.477658748626709
7.471005439758301
6.004877090454102
6.586747169494629
9.224812507629395
7.40405797958374
7.636204719543457
11.882673263549805
9.771256446838379
7.1589674949646
11.163710594177246
2.1578211784362793
9.292765617370605
9.127578735351562
4.511390209197998
4.249016284942627
8.427310943603516
10.950047492980957
8.7747802734375
11.184074401855469
8.996950149536133
10.22969913482666
6.272714138031006
9.265657424926758
6.639986991882324
8.886892318725586
6.626432418823242
2.1980772018432617
9.667181015014648
6.9829182624816895
6.217806816101074
6.560127258300781
5.835904121398926
8.030734062194824
7.909482479095459
4.695473670959473
5.106667995452881
5.589589595794678
6.566527843475342
5.98213529586792
8.609724998474121
6.886321067810059
5.152933597564697
11.440070152282715
10.216748237609863
6.334176540374756
3.6903247833251953
9.328435897827148
6.480307102203369
9.527033805847168
9.233524322509766
7.686965465545654
4.244937419891357
7.930514335632324
5.552980422973633
10.098134994506836
8.379539489746094
3.8425309658050537
7.890148162841797
8.310608863830566
10.26659870147705
9.813692092895508
5.168745040893555
6.451175689697266
10.297514915466309
6.634790420532227
5.607013702392578
4.850282669067383
6.835061073303223
7.523529052734375
6.535360813140869
8.305017471313477
5.212292671203613
11.206292152404785
8.471711158752441
8.337822914123535
7.516260147094727
7.802459716796875
10.129332542419434
3.8703272342681885
6.848153591156006
9.68746280670166
10.256608009338379
6.028679847717285
6.487156867980957
7.01496696472168
6.406557559967041
11.015878677368164
2.3120639324188232
6.948824405670166
10.317963600158691
9.18461799621582
8.499619483947754
8.670531272888184
8.358248710632324
11.107151985168457
6.695880889892578
8.598727226257324
9.24113941192627
10.85963249206543
9.086725234985352
6.704451560974121
8.129712104797363
8.985428810119629
9.052531242370605
5.800356388092041
9.778528213500977
6.2552103996276855
8.102255821228027
10.01504135131836
8.321737289428711
3.393676519393921
6.619743824005127
6.732245445251465
9.913040161132812
9.880534172058105
8.96230411529541
7.556671142578125
5.264118194580078
9.08219051361084
8.521950721740723
6.6863861083984375
7.963292598724365
4.777334690093994
4.903664588928223
9.160491943359375
9.039409637451172
9.674683570861816
10.068619728088379
6.589837551116943
3.8633034229278564
10.699211120605469
8.302118301391602
7.879370212554932
6.059685707092285
5.622824192047119
9.28650188446045
8.056666374206543
10.244715690612793
7.618688106536865
6.158553600311279
6.004146099090576
4.431543350219727
9.600573539733887
7.498361110687256
5.303546905517578
8.530635833740234
8.736462593078613
8.958638191223145
3.44519305229187
5.237606525421143
7.402871131896973
7.912501811981201
10.01296615600586
6.02154541015625
5.9933576583862305
6.091832160949707
8.237046241760254
6.071608543395996
4.852260112762451
9.264264106750488
6.333683013916016
8.183914184570312
10.323115348815918
10.974923133850098
7.120566368103027
5.916587829589844
9.53056526184082
5.31451940536499
7.5798163414001465
11.462154388427734
9.816174507141113
6.736100196838379
6.526036739349365
7.151095390319824
6.550689220428467
6.674898147583008
8.036863327026367
6.638797283172607
7.422473907470703
8.063879013061523
5.124586582183838
9.5764799118042
6.748301982879639
5.267433166503906
9.001215934753418
5.538691520690918
11.061528205871582
4.036883354187012
5.057441711425781
4.107214450836182
3.811842441558838
9.624651908874512
7.265311241149902
9.576481819152832
5.932544231414795
1.6750078201293945
10.587368965148926
7.047399044036865
7.2698750495910645
9.876099586486816
6.433972358703613
6.5400166511535645
7.077327728271484
3.5886826515197754
7.090383529663086
5.124213218688965
5.172865390777588
2.023503065109253
3.359694004058838
5.114545822143555
7.165462493896484
7.896670341491699
6.528743267059326
6.541436195373535
8.688578605651855
6.9479804039001465
5.368048667907715
3.1043264865875244
5.563997745513916
4.5561628341674805
9.388222694396973
4.067568302154541
6.150629043579102
11.532586097717285
3.44974946975708
5.212765693664551
7.074499607086182
10.237152099609375
3.522430896759033
9.247910499572754
9.558526039123535
10.589882850646973
6.857222080230713
6.703094005584717
4.880201816558838
2.994314193725586
6.023370742797852
4.749873638153076
9.290684700012207
10.008825302124023
10.03188705444336
6.123978137969971
6.652659893035889
5.96472692489624
9.664430618286133
8.413994789123535
6.654873847961426
7.868346691131592
8.418839454650879
6.5770649909973145
5.670746326446533
6.353817462921143
4.834697723388672
10.111795425415039
7.033541202545166
10.213106155395508
7.586844444274902
0.4731843173503876
6.386065483093262
9.03065299987793
8.399381637573242
4.859542369842529
7.960926532745361
6.174893856048584
3.364955425262451
5.318477630615234
4.957602500915527
6.1109724044799805
5.287693977355957
10.12203598022461
7.842674255371094
1.5521259307861328
10.34437370300293
8.179443359375
5.9824981689453125
10.802498817443848
7.421964645385742
6.107719898223877
4.140896320343018
9.99233341217041
9.784934997558594
7.971914291381836
8.999907493591309
9.326298713684082
7.219943046569824
7.1860761642456055
8.52509593963623
7.669142246246338
8.223876953125
8.71886157989502
6.280004024505615
4.02631950378418
7.119085311889648
6.194535732269287
8.50717544555664
7.802666187286377
11.044941902160645
4.336431503295898
6.580630779266357
6.280926704406738
6.096158981323242
7.753168106079102
8.233479499816895
6.202517986297607
5.318037033081055
7.735549449920654
5.577779293060303
6.568506240844727
4.376066207885742
6.8548502922058105
5.7547712326049805
11.380029678344727
4.693010330200195
6.160434722900391
10.068310737609863
9.546624183654785
4.324745178222656
8.71035385131836
7.834003925323486
8.309081077575684
6.8635053634643555
10.061256408691406
9.278541564941406
8.21860122680664
7.884946346282959
9.59598445892334
