6.68855619430542
8.19091510772705
6.429204940795898
11.069260597229004
4.758439064025879
8.097692489624023
7.286005973815918
6.4703369140625
11.150248527526855
8.78857421875
3.7113635540008545
5.124767303466797
9.654376983642578
6.446540832519531
8.152081489562988
5.413539409637451
8.670138359069824
10.364396095275879
6.043861389160156
4.975882053375244
7.020676612854004
3.718925952911377
11.553481101989746
5.238498687744141
7.298248767852783
5.036835193634033
9.462817192077637
10.079456329345703
10.41010570526123
8.283418655395508
6.926349639892578
6.252522945404053
4.665477752685547
10.845304489135742
10.548309326171875
9.0495023727417
7.650794506072998
6.401215076446533
8.884943962097168
10.469070434570312
9.704145431518555
9.508545875549316
8.422772407531738
7.474648475646973
7.637713432312012
6.302836894989014
9.766350746154785
6.824972152709961
8.919944763183594
7.496307373046875
8.038599014282227
3.7965247631073
9.922759056091309
6.550659656524658
8.23233413696289
10.513261795043945
6.438226699829102
7.229808330535889
6.083299160003662
9.384860038757324
7.878272533416748
8.241079330444336
6.731848239898682
7.492906093597412
9.885997772216797
6.024308204650879
6.917129039764404
10.154458045959473
9.231891632080078
4.095672130584717
8.761868476867676
6.592146396636963
10.354912757873535
9.103691101074219
6.561584949493408
8.284398078918457
6.164187908172607
4.2356462478637695
11.507158279418945
10.78329086303711
5.252557277679443
9.49796199798584
6.945468902587891
5.822051048278809
4.7461957931518555
8.429707527160645
9.997601509094238
9.634783744812012
5.528139591217041
7.840428352355957
8.376409530639648
8.23027515411377
10.050232887268066
10.32924747467041
6.440883636474609
5.930646896362305
12.157244682312012
10.452807426452637
9.23319149017334
5.180563449859619
7.5687575340271
7.648218154907227
9.362706184387207
3.294325828552246
10.685951232910156
4.934196472167969
8.44832992553711
8.71548843383789
11.183131217956543
7.241147041320801
8.96233081817627
10.490133285522461
6.5939412117004395
8.611785888671875
9.98324203491211
8.324321746826172
7.37579870223999
4.724301815032959
6.050302982330322
10.377740859985352
8.025799751281738
8.95228099822998
7.955317497253418
8.014007568359375
9.47752857208252
8.338123321533203
9.789900779724121
7.472151756286621
10.30712604522705
5.758841514587402
8.722612380981445
7.92201042175293
9.481827735900879
7.600226402282715
5.9009785652160645
8.03780746459961
8.732999801635742
7.975296497344971
5.2958879470825195
5.529750347137451
6.69005012512207
8.701346397399902
10.344484329223633
5.824823379516602
4.831268787384033
5.157865047454834
7.407124996185303
7.733888626098633
7.322046279907227
9.247565269470215
7.242680072784424
4.029544830322266
7.045450210571289
6.376933574676514
6.949334621429443
8.594974517822266
9.049067497253418
4.62892484664917
9.120720863342285
9.29129695892334
3.11596941947937
4.000210285186768
6.3741583824157715
6.611958980560303
4.172928333282471
4.875249862670898
5.503864765167236
9.712523460388184
7.026223182678223
5.440650463104248
9.105645179748535
9.000287055969238
5.561934947967529
5.441305160522461
8.08165168762207
7.0823893547058105
8.093708038330078
6.570958137512207
8.208245277404785
7.5698561668396
8.797201156616211
9.186430931091309
9.073995590209961
8.77493667602539
7.861741542816162
9.631979942321777
10.735910415649414
6.593677520751953
6.17641019821167
9.096518516540527
5.935400009155273
8.18608283996582
8.754777908325195
8.603819847106934
9.529388427734375
6.789165019989014
8.277170181274414
7.986286640167236
4.35817289352417
10.382962226867676
4.659886837005615
7.402350425720215
9.265251159667969
5.481569290161133
8.425835609436035
11.58349323272705
6.235889434814453
5.900024890899658
6.814489841461182
4.474414348602295
6.907547950744629
7.603731632232666
10.451570510864258
8.773136138916016
3.807262420654297
9.980934143066406
4.9330339431762695
7.365653038024902
5.145054817199707
8.774230003356934
5.259987831115723
10.14949893951416
8.939046859741211
5.546023845672607
7.45855712890625
5.5525736808776855
7.785462379455566
9.481139183044434
6.0056233406066895
9.087517738342285
6.339759826660156
8.590656280517578
6.51459264755249
5.509200572967529
6.163923740386963
6.658238887786865
7.276822090148926
9.069103240966797
5.307627201080322
7.18839693069458
11.095846176147461
11.384369850158691
6.341550350189209
5.41377592086792
4.243651866912842
6.796301364898682
11.992733001708984
11.088692665100098
8.839203834533691
8.453961372375488
7.35532808303833
6.755329608917236
4.14856481552124
8.465628623962402
8.711545944213867
8.567435264587402
2.1941468715667725
10.429741859436035
4.429980278015137
9.010741233825684
8.691937446594238
9.8208589553833
7.720050811767578
6.000412940979004
8.263592720031738
6.386174201965332
2.7961699962615967
5.046573162078857
10.190196990966797
7.819615840911865
6.403124809265137
8.293355941772461
7.636969566345215
8.581791877746582
7.6000261306762695
11.05063247680664
9.069287300109863
6.051875591278076
6.629175186157227
11.115206718444824
6.722538948059082
7.851702690124512
8.3065185546875
9.159244537353516
4.5369367599487305
6.712155818939209
9.161236763000488
5.289694309234619
8.799409866333008
9.742615699768066
6.259253978729248
8.777034759521484
10.193158149719238
7.965569972991943
5.153175354003906
6.307114601135254
7.061416149139404
12.029544830322266
10.640316009521484
5.201208591461182
7.383883476257324
8.136872291564941
6.863034248352051
5.113600254058838
7.140805244445801
4.670163631439209
8.53665828704834
9.734190940856934
6.518584728240967
9.928523063659668
2.443061113357544
8.985381126403809
9.037524223327637
6.5349555015563965
9.469033241271973
8.908279418945312
9.692278861999512
9.965617179870605
5.964285850524902
9.401328086853027
5.069105625152588
5.365741729736328
10.061973571777344
9.296907424926758
5.980527400970459
6.876554489135742
6.964756011962891
4.038782596588135
8.763763427734375
5.533221244812012
8.794533729553223
8.370917320251465
6.203681945800781
6.2336554527282715
9.019782066345215
4.617100715637207
9.799850463867188
10.614298820495605
9.364509582519531
8.423855781555176
7.328915596008301
9.97065544128418
5.507875919342041
4.380709648132324
5.640050411224365
9.592920303344727
9.10808277130127
8.100579261779785
9.740549087524414
8.041482925415039
7.233429431915283
6.481167316436768
9.88335132598877
8.23197078704834
10.145756721496582
7.855809211730957
8.76994800567627
1.9923851490020752
9.141348838806152
4.189184188842773
6.92626953125
7.5056633949279785
8.356324195861816
8.526723861694336
9.011064529418945
10.187973022460938
6.696363925933838
7.555599212646484
6.830478668212891
7.438844680786133
2.0760629177093506
5.9582061767578125
7.787243843078613
5.206228256225586
5.042041778564453
5.450687885284424
5.387648582458496
11.318408012390137
3.951139450073242
10.757413864135742
6.054347991943359
9.939621925354004
9.804145812988281
4.683697700500488
9.55081844329834
7.70919132232666
9.632898330688477
6.706721305847168
8.762002944946289
2.5724027156829834
6.381495952606201
7.546256065368652
6.845919609069824
4.117499828338623
9.66144847869873
7.193817615509033
10.294988632202148
3.90488338470459
6.098777770996094
6.261041164398193
8.352496147155762
6.760897636413574
3.3782248497009277
7.79194450378418
6.044497489929199
5.346473217010498
5.184966564178467
9.075676918029785
6.575247764587402
7.776072025299072
11.575321197509766
5.305341720581055
8.50394058227539
3.7729949951171875
10.721672058105469
10.61097526550293
8.744022369384766
6.32240104675293
7.310242652893066
6.412301540374756
7.945506572723389
6.9748969078063965
10.369434356689453
7.745498180389404
7.300252437591553
6.372704029083252
9.071478843688965
5.49939489364624
6.749519348144531
7.862102031707764
8.00291633605957
8.309822082519531
6.560416221618652
5.917032241821289
6.394619941711426
6.473562717437744
8.750926971435547
6.17200231552124
6.747702598571777
6.003910064697266
7.052290439605713
9.307055473327637
10.338071823120117
10.48604679107666
4.094873428344727
9.525128364562988
8.578736305236816
7.301344394683838
9.293392181396484
7.918634414672852
5.035158634185791
6.403292179107666
6.777449607849121
0.0046205841936171055
11.246678352355957
9.565312385559082
10.427457809448242
6.908764839172363
11.212157249450684
11.107915878295898
8.265228271484375
6.288303375244141
5.167319297790527
4.769371032714844
4.992739200592041
4.019283771514893
7.7782464027404785
6.239551544189453
3.3423075675964355
9.554404258728027
9.305190086364746
6.927626132965088
7.516160488128662
9.522990226745605
8.757004737854004
5.248899459838867
8.821307182312012
10.757651329040527
7.1039862632751465
7.464508056640625
8.418939590454102
3.7157771587371826
9.210439682006836
7.429418087005615
7.479555606842041
4.0540876388549805
11.477804183959961
4.060399055480957
9.442051887512207
9.556341171264648
7.851206302642822
7.55881929397583
8.181724548339844
10.714054107666016
9.238131523132324
10.401249885559082
7.058589935302734
8.106228828430176
5.165375709533691
5.046239376068115
