8.77668571472168
9.630584716796875
8.928590774536133
8.916854858398438
9.480984687805176
9.14578914642334
8.538689613342285
9.865846633911133
9.943734169006348
9.139352798461914
9.269468307495117
7.444554328918457
9.588603973388672
8.156986236572266
8.199273109436035
8.860517501831055
9.13373851776123
9.47648811340332
10.333118438720703
9.791505813598633
8.214155197143555
7.537786483764648
9.925963401794434
10.343273162841797
7.338283061981201
8.68881893157959
10.09959888458252
8.760590553283691
8.377544403076172
9.306306838989258
9.639620780944824
9.945741653442383
9.522357940673828
10.000840187072754
8.226547241210938
10.53226089477539
8.468606948852539
9.21000862121582
7.9008049964904785
9.48307991027832
9.636911392211914
5.739121437072754
10.108803749084473
10.131672859191895
9.203021049499512
9.204904556274414
8.944109916687012
8.652786254882812
7.616608142852783
9.382729530334473
9.587143898010254
8.454715728759766
8.927962303161621
9.11660385131836
9.171401977539062
8.124594688415527
5.9126482009887695
9.971177101135254
8.590034484863281
10.636390686035156
9.206670761108398
8.721817016601562
9.774962425231934
8.738368034362793
6.966883182525635
8.861559867858887
9.868521690368652
6.693480491638184
7.073623180389404
8.665423393249512
8.910444259643555
5.8549675941467285
10.171558380126953
8.254576683044434
8.745099067687988
8.698003768920898
9.751729011535645
9.371569633483887
8.953283309936523
5.425098419189453
10.540732383728027
8.663351058959961
9.711874961853027
10.057488441467285
8.67585563659668
9.252431869506836
8.935139656066895
9.221233367919922
9.737297058105469
9.664382934570312
8.395812034606934
8.230249404907227
9.394326210021973
10.173943519592285
8.726211547851562
10.04256534576416
9.34304428100586
8.439876556396484
7.530478477478027
9.99297046661377
9.739725112915039
8.942719459533691
8.503602027893066
9.91138744354248
9.583340644836426
9.041775703430176
8.903402328491211
9.010272026062012
8.617603302001953
8.706034660339355
9.060921669006348
9.194811820983887
9.147890090942383
9.274611473083496
8.735122680664062
10.52381420135498
9.72197151184082
8.949883460998535
9.954357147216797
8.874773979187012
9.237899780273438
8.450197219848633
9.993000984191895
8.885795593261719
9.457234382629395
10.262860298156738
8.85974407196045
10.265809059143066
9.877920150756836
9.262117385864258
8.613824844360352
7.73767614364624
9.309484481811523
10.857728958129883
7.897319316864014
10.081298828125
10.12817096710205
9.86865234375
8.25533676147461
9.101004600524902
8.390145301818848
9.481474876403809
8.807442665100098
7.921805381774902
9.291536331176758
8.392474174499512
8.262266159057617
8.906693458557129
8.805403709411621
8.488788604736328
9.812464714050293
7.502943515777588
7.747498512268066
8.863468170166016
8.371169090270996
8.891831398010254
8.01777458190918
8.037931442260742
7.664947986602783
8.789409637451172
10.012838363647461
5.218017101287842
9.127957344055176
8.620864868164062
9.278942108154297
9.008247375488281
8.891322135925293
10.62081527709961
8.815939903259277
9.468328475952148
7.692468643188477
8.79653549194336
6.051133155822754
9.326889991760254
7.667194366455078
8.70797348022461
9.866616249084473
9.339210510253906
7.04193115234375
8.778862953186035
9.00052547454834
10.112682342529297
7.493001461029053
9.252877235412598
7.860569953918457
9.092570304870605
10.410799026489258
8.822007179260254
9.94677448272705
7.757829189300537
9.154152870178223
8.378032684326172
10.193943977355957
9.514493942260742
9.778349876403809
8.637197494506836
9.653315544128418
9.666837692260742
9.659552574157715
8.211727142333984
8.433119773864746
8.523038864135742
9.112893104553223
8.959110260009766
7.692845821380615
8.383516311645508
8.913448333740234
9.561288833618164
8.639896392822266
9.360649108886719
7.807607650756836
8.539093971252441
9.188458442687988
9.028940200805664
9.242189407348633
8.801836013793945
8.309713363647461
9.664006233215332
8.736152648925781
8.032316207885742
10.267626762390137
8.967521667480469
9.770187377929688
10.000914573669434
8.828974723815918
10.556854248046875
8.163633346557617
6.581304550170898
9.162086486816406
10.08047866821289
8.615397453308105
9.086199760437012
8.503338813781738
10.17251968383789
6.797454357147217
8.025252342224121
9.546069145202637
7.561603546142578
10.045897483825684
9.288217544555664
7.87757682800293
9.019091606140137
8.033366203308105
9.709988594055176
9.188802719116211
9.529476165771484
9.166234016418457
10.004956245422363
8.268115043640137
9.891252517700195
9.1388578414917
8.176182746887207
6.085911750793457
6.692888259887695
10.343441009521484
8.996482849121094
9.283455848693848
8.835286140441895
9.898812294006348
9.796229362487793
8.581912994384766
9.394733428955078
10.2734375
8.364718437194824
9.761629104614258
9.050851821899414
8.92643928527832
7.6560139656066895
8.911286354064941
8.015104293823242
9.379776000976562
8.666138648986816
7.285971641540527
9.560667991638184
9.265519142150879
10.58869457244873
7.543917655944824
8.573486328125
9.571847915649414
9.986281394958496
8.610487937927246
9.543251991271973
9.348554611206055
7.7989277839660645
9.10886001586914
7.115498065948486
8.298849105834961
9.370285034179688
7.666304588317871
10.108481407165527
9.468561172485352
3.670741558074951
9.391545295715332
9.50009822845459
8.943958282470703
9.46438217163086
8.222591400146484
8.637093544006348
9.09074592590332
8.97421932220459
10.194340705871582
8.651905059814453
7.747931480407715
9.198476791381836
8.636280059814453
8.485213279724121
8.941161155700684
9.09821891784668
8.123562812805176
8.515198707580566
7.7912421226501465
8.733283996582031
9.611804008483887
7.742354393005371
9.134910583496094
9.614629745483398
9.193492889404297
7.548395156860352
6.809720039367676
10.064818382263184
9.070137977600098
9.790465354919434
10.224701881408691
8.87721061706543
9.599940299987793
6.117443084716797
7.6945672035217285
8.033571243286133
6.498312950134277
9.265169143676758
10.172589302062988
9.896533012390137
9.351624488830566
8.941383361816406
8.621664047241211
9.475027084350586
9.141563415527344
9.338799476623535
9.54164981842041
8.565805435180664
8.373266220092773
7.554538726806641
9.734926223754883
8.694457054138184
9.653748512268066
9.90891170501709
9.254804611206055
9.476333618164062
7.414944171905518
7.915137767791748
9.923934936523438
8.8555326461792
7.777980327606201
9.46156120300293
8.419845581054688
9.145502090454102
7.2465081214904785
10.156637191772461
8.340730667114258
9.802258491516113
6.49554967880249
10.593238830566406
10.032814025878906
9.65028190612793
9.984587669372559
8.563862800598145
10.79073429107666
9.880799293518066
9.764928817749023
8.325570106506348
8.453011512756348
8.907696723937988
10.169793128967285
7.962177276611328
7.444735050201416
9.101059913635254
8.593521118164062
8.984251022338867
8.099411010742188
8.920703887939453
8.756224632263184
7.80574893951416
10.099884033203125
5.974353790283203
8.854775428771973
7.397172927856445
10.606772422790527
9.36113166809082
6.323579788208008
8.753971099853516
9.225476264953613
9.641510009765625
8.671747207641602
10.371790885925293
8.010473251342773
8.625907897949219
9.770221710205078
7.442017555236816
10.888859748840332
6.325924396514893
7.836094856262207
9.860037803649902
9.459692001342773
7.671245098114014
10.218765258789062
9.648172378540039
10.452375411987305
9.431642532348633
10.552123069763184
8.1644287109375
8.292899131774902
10.553240776062012
9.44241714477539
9.180296897888184
10.096506118774414
8.99061107635498
10.741865158081055
8.438133239746094
9.554657936096191
8.207113265991211
9.345002174377441
9.581710815429688
6.978709697723389
10.191659927368164
8.200225830078125
7.78187370300293
8.892301559448242
9.606261253356934
8.476092338562012
9.69012451171875
8.266581535339355
5.189958572387695
8.585941314697266
7.768593788146973
10.124800682067871
6.867021560668945
9.906652450561523
6.715969562530518
8.718005180358887
8.72575569152832
9.392997741699219
10.588918685913086
9.778324127197266
9.176499366760254
8.755396842956543
8.941415786743164
10.706314086914062
9.080190658569336
8.875975608825684
7.619628429412842
7.35421895980835
7.762795448303223
9.714608192443848
8.397099494934082
6.858065605163574
7.9834065437316895
9.74051284790039
9.198363304138184
9.520968437194824
8.931589126586914
10.05905532836914
8.808792114257812
8.237757682800293
9.598901748657227
8.451730728149414
7.543089389801025
8.493410110473633
7.697957515716553
9.571932792663574
9.87923526763916
9.066571235656738
8.681801795959473
7.344072341918945
10.101491928100586
8.236749649047852
10.449982643127441
8.082067489624023
8.955952644348145
10.987982749938965
9.72431755065918
6.87191104888916
9.978486061096191
9.665681838989258
9.472325325012207
7.571182727813721
7.650166034698486
8.469352722167969
9.230046272277832
9.876724243164062
9.91989803314209
9.745960235595703
8.539319038391113
9.353468894958496
9.838813781738281
9.040908813476562
9.64945125579834
9.17984390258789
8.075663566589355
10.318073272705078
9.219742774963379
