8.993651390075684
6.458088397979736
3.8504648208618164
3.785922050476074
7.315155506134033
5.131050109863281
10.319347381591797
9.870837211608887
6.475401401519775
6.40120792388916
4.48537015914917
5.144733905792236
6.340472221374512
4.867329120635986
6.698327541351318
5.712772846221924
7.183481693267822
9.638376235961914
10.220925331115723
9.008072853088379
9.841445922851562
8.786547660827637
8.710480690002441
6.961750507354736
6.650146484375
6.855724334716797
6.720920562744141
6.439866065979004
9.326648712158203
3.9467415809631348
8.234955787658691
7.049746036529541
5.764073371887207
7.703362941741943
11.029580116271973
5.366753101348877
9.248537063598633
9.516073226928711
7.843079566955566
6.401254177093506
8.617043495178223
6.708986759185791
10.352315902709961
6.214389801025391
10.770550727844238
6.214862823486328
4.578494071960449
5.999364376068115
8.727103233337402
7.6119256019592285
9.235235214233398
4.994231224060059
4.763559818267822
5.3516740798950195
9.72158432006836
8.667113304138184
11.043983459472656
4.235805988311768
8.758299827575684
10.825407981872559
7.327532768249512
5.008394718170166
6.414586544036865
11.486640930175781
7.562483310699463
2.620300054550171
7.0717597007751465
6.206537246704102
3.638784170150757
6.916377067565918
7.982941150665283
2.916166067123413
9.890316009521484
5.859609127044678
9.739482879638672
11.129310607910156
7.545161247253418
6.460640907287598
6.4945220947265625
7.7233171463012695
9.103870391845703
8.423192024230957
3.954580068588257
10.068808555603027
7.966743469238281
5.087491512298584
4.902869701385498
10.930230140686035
5.775058746337891
7.163360595703125
7.267413139343262
9.876819610595703
10.159555435180664
2.8310136795043945
7.9298415184021
8.254108428955078
7.616754531860352
9.438879013061523
3.8813014030456543
10.994417190551758
7.2977213859558105
9.553532600402832
6.578784465789795
3.8493709564208984
6.741097927093506
5.236563205718994
9.466761589050293
7.009710311889648
5.417632579803467
5.168023586273193
10.80896282196045
8.858359336853027
7.356931209564209
8.122286796569824
7.526881694793701
7.40798282623291
11.656339645385742
6.7927398681640625
6.68140172958374
5.195286750793457
8.583772659301758
6.527883529663086
6.360093116760254
4.14138126373291
3.3648836612701416
6.2056660652160645
6.656691551208496
8.333978652954102
7.027960777282715
4.713028430938721
3.3821604251861572
6.079968452453613
7.706265449523926
9.616852760314941
10.203295707702637
6.1453118324279785
9.342964172363281
7.415653705596924
8.350862503051758
7.4143476486206055
8.684741020202637
9.484643936157227
5.4759626388549805
6.363304138183594
7.973428726196289
3.5198724269866943
8.990822792053223
3.0926942825317383
6.672754287719727
9.566555976867676
7.082032203674316
4.665582180023193
7.020581245422363
6.723458766937256
9.376934051513672
7.472548961639404
7.166738510131836
6.871905326843262
9.682905197143555
7.296481132507324
3.964704751968384
10.400025367736816
5.094579219818115
7.020482063293457
10.246201515197754
3.6005160808563232
6.307445049285889
9.334208488464355
9.681635856628418
4.840194225311279
7.0203142166137695
6.673964977264404
8.750690460205078
7.396316051483154
7.6732001304626465
5.603326320648193
6.609084606170654
9.296709060668945
7.521015644073486
7.648393630981445
11.899664878845215
9.625298500061035
7.109704971313477
11.111842155456543
2.056605577468872
9.18092155456543
9.187381744384766
4.045930862426758
4.283168315887451
8.649003028869629
10.982734680175781
8.656763076782227
11.29512882232666
9.160137176513672
9.999054908752441
6.335065841674805
9.296146392822266
6.523519039154053
8.881708145141602
6.775120258331299
2.0742976665496826
9.453289031982422
7.003836631774902
6.0140252113342285
6.291188716888428
6.069084644317627
7.908935546875
8.099597930908203
4.7277679443359375
5.000190734863281
5.519399642944336
6.773387908935547
6.035726070404053
8.413758277893066
6.729282379150391
4.898404121398926
11.327486991882324
10.234552383422852
6.40353536605835
4.250367641448975
9.47898006439209
6.711867809295654
9.344232559204102
9.35525894165039
7.671539783477783
4.325929641723633
7.741152763366699
5.437166690826416
10.223824501037598
8.264480590820312
3.42669677734375
8.026751518249512
8.363446235656738
10.259014129638672
9.903607368469238
5.506682395935059
6.318756580352783
10.414956092834473
6.643099784851074
5.91550874710083
5.003024101257324
6.893206596374512
7.855693340301514
6.53974723815918
8.291764259338379
5.110014915466309
11.424004554748535
8.376141548156738
8.1494140625
7.517818450927734
7.6824774742126465
10.110692024230957
3.6464006900787354
6.916139602661133
9.62430477142334
9.958307266235352
6.112268924713135
6.467763423919678
6.907871246337891
6.567057132720947
10.904777526855469
2.091160535812378
6.780524730682373
10.506206512451172
8.811555862426758
8.511456489562988
8.59461784362793
8.205852508544922
11.32675552368164
6.654943943023682
8.578903198242188
9.452783584594727
11.091567993164062
9.063860893249512
6.546289443969727
8.183201789855957
9.205032348632812
9.154563903808594
5.467914581298828
9.728225708007812
6.241370677947998
8.202986717224121
10.274686813354492
8.491925239562988
3.2544496059417725
6.8434929847717285
6.694820880889893
9.936841011047363
9.91140365600586
8.90493392944336
7.641128063201904
5.073688507080078
9.28280258178711
8.582246780395508
6.927446365356445
8.075034141540527
4.985409259796143
4.816534996032715
9.223190307617188
9.04224967956543
9.800430297851562
9.921225547790527
6.627570152282715
3.9617302417755127
10.57246208190918
8.208663940429688
7.513182163238525
6.170210838317871
5.809367656707764
9.167906761169434
8.22264575958252
10.25412654876709
7.726203918457031
6.243525505065918
5.747993469238281
4.595073223114014
9.612625122070312
7.391840934753418
5.555022716522217
8.556709289550781
8.797994613647461
9.11059856414795
3.2896392345428467
5.210970878601074
7.334671497344971
7.88168478012085
9.979706764221191
6.04025936126709
6.011204242706299
6.065571308135986
8.469927787780762
6.166426658630371
4.948053359985352
9.421401977539062
6.423618316650391
8.184733390808105
10.300271987915039
11.209230422973633
6.735442161560059
6.068140506744385
9.512423515319824
5.401544094085693
7.546393394470215
11.37130355834961
9.61384391784668
6.5525431632995605
6.4091691970825195
7.153421401977539
6.482662200927734
6.835281848907471
8.10297966003418
6.702281475067139
7.366269588470459
8.082086563110352
4.975808143615723
9.463688850402832
6.904045581817627
4.910670280456543
8.849620819091797
5.625877857208252
11.084412574768066
4.311487674713135
4.755228042602539
4.239119529724121
3.641425371170044
9.514381408691406
7.1611833572387695
9.420220375061035
5.648992538452148
1.399178147315979
10.761592864990234
7.113788604736328
7.2654314041137695
10.067564964294434
6.378592014312744
6.370439529418945
6.968756675720215
3.7838950157165527
6.885502338409424
5.195825099945068
5.467336654663086
2.2223730087280273
3.3470499515533447
5.200937747955322
7.14168643951416
7.626307964324951
6.8337883949279785
6.4925994873046875
8.704554557800293
7.023721694946289
5.3199567794799805
2.8898568153381348
5.446796894073486
4.4433393478393555
9.332334518432617
4.231348514556885
6.091926574707031
11.486419677734375
3.1753664016723633
5.04847526550293
7.302055835723877
10.263747215270996
3.679887294769287
9.011747360229492
9.577679634094238
10.273119926452637
6.794839859008789
6.583041191101074
5.022618770599365
3.1131842136383057
5.893857479095459
4.221230983734131
9.098922729492188
10.378608703613281
9.925480842590332
6.227473258972168
6.527348041534424
5.865607261657715
9.505148887634277
8.43600082397461
6.672100067138672
7.807130813598633
8.488846778869629
6.7807698249816895
5.867693901062012
6.346591472625732
4.776511192321777
10.283729553222656
6.736001014709473
10.282913208007812
7.68394136428833
0.5319401025772095
6.598740577697754
8.71677303314209
8.373311042785645
5.019372463226318
7.804551124572754
6.303806304931641
3.655362129211426
5.337336540222168
5.057960510253906
6.224215984344482
4.989217281341553
10.123132705688477
7.930354118347168
1.7213900089263916
10.157997131347656
8.196319580078125
6.001180171966553
10.698467254638672
7.167376518249512
5.996655464172363
4.174283504486084
10.015729904174805
9.648458480834961
7.901621341705322
9.12076473236084
9.385765075683594
7.289620876312256
7.262004375457764
8.334383010864258
7.634681224822998
8.085519790649414
8.54159164428711
6.234068393707275
3.884653329849243
7.116354942321777
6.252632141113281
8.324213981628418
7.971316814422607
11.054964065551758
4.30808687210083
6.46253776550293
6.081531047821045
5.963561058044434
7.93063497543335
8.339095115661621
6.278584957122803
5.213390350341797
7.616958141326904
5.729660987854004
6.46930456161499
4.566442012786865
6.736367225646973
5.700563430786133
11.314148902893066
4.60018253326416
6.072957992553711
10.134769439697266
9.431665420532227
4.3695783615112305
8.634063720703125
7.671164512634277
8.367515563964844
6.794766426086426
10.152162551879883
9.350688934326172
8.258005142211914
7.774242401123047
9.6309232711792
