7.657609462738037
6.174396514892578
4.51876163482666
4.262927055358887
6.012060642242432
4.416738510131836
9.237804412841797
7.4949822425842285
5.640460014343262
6.322977066040039
4.787692546844482
4.115014553070068
5.544660568237305
5.754307270050049
6.581785202026367
4.373018741607666
7.1651692390441895
8.805743217468262
9.925593376159668
6.144167900085449
9.39944839477539
8.565302848815918
6.923292636871338
6.915427207946777
6.8885416984558105
6.6373772621154785
6.812601566314697
7.635011672973633
7.163105010986328
5.031551361083984
6.953450679779053
6.964354038238525
6.914331436157227
7.726306915283203
6.931389331817627
6.476065635681152
8.014392852783203
9.604155540466309
9.916237831115723
7.7319416999816895
6.582791328430176
3.8449831008911133
8.905316352844238
6.430742263793945
9.211946487426758
5.362731456756592
4.091757297515869
5.387324333190918
7.29280948638916
7.653415679931641
8.99466609954834
4.985280990600586
5.152346611022949
5.147487163543701
8.380717277526855
6.966799259185791
9.64388656616211
5.862692832946777
9.005439758300781
6.835184097290039
5.728724956512451
2.7543442249298096
5.566929817199707
6.575723648071289
5.9775848388671875
3.6792755126953125
7.655270576477051
6.009109973907471
1.5175118446350098
7.154690742492676
6.916412830352783
2.2908060550689697
9.285809516906738
7.096640586853027
10.45163631439209
10.052353858947754
5.617995738983154
6.427718639373779
4.000851154327393
8.836819648742676
8.298613548278809
7.628908157348633
3.5836751461029053
6.741024017333984
6.31593132019043
6.06638240814209
3.214404821395874
8.338017463684082
5.164572715759277
6.773367881774902
6.2466301918029785
5.002469062805176
8.268580436706543
2.645536422729492
7.7511444091796875
6.603769779205322
5.330053806304932
8.419479370117188
3.5934832096099854
10.585677146911621
8.276065826416016
8.827703475952148
6.3902997970581055
3.5367026329040527
6.618846893310547
5.716699123382568
7.9714765548706055
6.64265251159668
5.968374729156494
4.523292541503906
8.369730949401855
6.32671594619751
7.6433563232421875
8.070225715637207
5.758790969848633
6.996352672576904
9.957801818847656
6.661561012268066
6.983841419219971
4.622594356536865
6.962586402893066
4.504255294799805
4.9676923751831055
5.257376670837402
3.2989706993103027
7.649824619293213
4.800117492675781
6.825855255126953
7.776633262634277
3.0730981826782227
3.737244129180908
5.5549421310424805
6.854522228240967
9.714106559753418
5.143144607543945
4.572904586791992
7.399471282958984
7.807908535003662
5.999034404754639
7.9499921798706055
7.315818786621094
10.101317405700684
4.916787147521973
5.839310646057129
6.1103973388671875
3.832794189453125
7.136975288391113
4.737894535064697
4.972105503082275
7.493258476257324
6.9697675704956055
3.096367359161377
6.919214248657227
6.696089267730713
7.5104804039001465
6.066112995147705
6.547691345214844
6.0497941970825195
7.490570068359375
10.759764671325684
3.8973357677459717
8.354424476623535
5.163251876831055
6.142918109893799
9.404778480529785
1.8222376108169556
8.41746711730957
7.607519626617432
9.444173812866211
4.7014875411987305
4.549627780914307
5.296178340911865
8.253738403320312
6.6137824058532715
7.9866862297058105
6.182700157165527
5.720488548278809
10.505741119384766
7.440791130065918
10.61781120300293
11.512343406677246
8.350057601928711
3.879225254058838
9.830496788024902
2.0269556045532227
8.163792610168457
8.073991775512695
3.720393180847168
5.992446422576904
7.006077766418457
8.50768756866455
7.337258338928223
10.257715225219727
9.314054489135742
8.205581665039062
5.85780143737793
9.058258056640625
5.806329727172852
8.350826263427734
6.487093448638916
4.553349018096924
9.680035591125488
6.445178508758545
7.937485694885254
7.183842182159424
4.5201263427734375
5.283210754394531
9.441712379455566
6.439343452453613
3.5524239540100098
5.0046210289001465
5.963065147399902
6.167859077453613
8.68324089050293
4.662530422210693
3.839879274368286
6.296509742736816
11.206830024719238
5.610647201538086
4.211029052734375
6.989288806915283
7.520224094390869
9.954203605651855
7.2499470710754395
6.992319583892822
6.561033725738525
7.961215972900391
4.664883136749268
7.778452396392822
6.522121906280518
3.106484889984131
10.812337875366211
8.574362754821777
9.579439163208008
3.77317476272583
5.790164470672607
5.784541130065918
10.037763595581055
5.431984901428223
4.461187839508057
5.595640182495117
6.003940105438232
5.9347004890441895
8.940607070922852
8.711575508117676
3.303992986679077
6.268365859985352
8.341997146606445
8.287580490112305
5.623672008514404
5.602087020874023
8.491436004638672
4.74160099029541
5.9557576179504395
6.880383491516113
7.772337436676025
4.916228771209717
6.2440714836120605
5.79607629776001
4.397151947021484
10.6137113571167
2.630496025085449
6.91437292098999
9.79887866973877
7.464500427246094
7.162666320800781
8.024482727050781
8.353940963745117
9.330632209777832
6.927311420440674
8.049726486206055
7.942681789398193
7.718775272369385
8.80925178527832
7.037919044494629
6.57928991317749
6.8533935546875
8.520281791687012
4.6383490562438965
7.023035526275635
5.0356831550598145
8.878545761108398
6.184420585632324
8.303531646728516
4.971582889556885
6.288190841674805
5.699939250946045
9.478376388549805
8.557282447814941
9.036491394042969
6.60010290145874
5.576333045959473
8.472424507141113
8.185359001159668
5.486740589141846
7.800464153289795
6.726497173309326
5.432172775268555
7.795192241668701
9.151546478271484
8.428699493408203
9.151537895202637
6.820910930633545
4.1613450050354
9.57055377960205
6.453172206878662
8.34770393371582
6.491654396057129
5.203652381896973
6.657150745391846
8.117547035217285
7.284821033477783
7.132806777954102
5.371739864349365
3.779132127761841
4.639309406280518
8.358136177062988
8.36296558380127
4.053130626678467
8.062697410583496
8.87810230255127
8.287924766540527
1.2552058696746826
4.798722267150879
7.754759311676025
7.456875801086426
8.025006294250488
5.75970458984375
6.245095252990723
3.8049163818359375
7.493632793426514
5.1621294021606445
5.85591983795166
7.322864532470703
6.409734725952148
7.94482421875
9.143059730529785
7.388855934143066
6.531533241271973
3.2845964431762695
6.235870838165283
6.6046013832092285
6.860867023468018
10.371992111206055
4.157142162322998
4.399632930755615
5.944982528686523
2.465592384338379
7.356982707977295
2.41247296333313
7.6102142333984375
7.285128116607666
6.64706563949585
7.343263626098633
6.705841541290283
7.643134117126465
8.298904418945312
3.787982702255249
7.965556621551514
5.7044782638549805
8.042701721191406
2.756422519683838
6.073710918426514
3.785940408706665
3.7681031227111816
9.264183044433594
7.246745586395264
7.36971378326416
5.418382167816162
1.5167855024337769
9.459266662597656
3.162325620651245
6.388391494750977
5.786813259124756
6.519983291625977
7.646852493286133
6.008971691131592
2.702550172805786
6.5336198806762695
5.521146774291992
5.117630958557129
2.382579803466797
3.8536288738250732
3.986490249633789
3.242744207382202
7.015941143035889
6.9807820320129395
6.157764434814453
6.911866188049316
7.215265274047852
3.5357797145843506
1.6753610372543335
3.8123397827148438
5.494416236877441
8.887721061706543
4.399089336395264
4.942963123321533
10.443547248840332
5.754651069641113
3.8168303966522217
5.932697296142578
7.873865604400635
4.269239902496338
7.851473331451416
7.493095874786377
7.929086208343506
5.3982462882995605
7.806244373321533
4.7598795890808105
5.730062961578369
7.721930503845215
2.421308994293213
8.616222381591797
8.358458518981934
9.077497482299805
6.163804054260254
5.479559421539307
5.6507415771484375
7.840864658355713
6.93458366394043
5.8949408531188965
8.623425483703613
8.96976089477539
6.631962299346924
5.240078926086426
6.277764797210693
6.056135177612305
7.230180263519287
8.440037727355957
9.5265531539917
6.229394912719727
2.7033443450927734
6.551578998565674
7.973821640014648
3.775665760040283
3.3015382289886475
4.191521167755127
5.108077049255371
2.2465760707855225
3.9251246452331543
5.562522888183594
3.8172385692596436
4.434980392456055
8.696224212646484
6.035110950469971
2.3659110069274902
7.364832401275635
7.6589274406433105
4.18513298034668
10.845361709594727
5.722879886627197
5.7021965980529785
4.531566619873047
7.922130107879639
7.935946464538574
7.991769313812256
8.659520149230957
8.496291160583496
7.443312168121338
6.648621082305908
8.136935234069824
6.62064790725708
6.728595733642578
8.886452674865723
5.304615497589111
6.550219535827637
5.815598487854004
5.766865253448486
8.35051155090332
7.260822296142578
8.98348331451416
3.0525615215301514
6.496523857116699
3.3470523357391357
6.115932464599609
6.651977062225342
4.808584690093994
6.0173211097717285
5.08632755279541
6.353606700897217
3.9295711517333984
7.902050018310547
2.6519572734832764
6.432028770446777
6.324817180633545
8.09566593170166
5.353539943695068
6.121500492095947
7.567831993103027
9.351956367492676
4.055120468139648
8.710602760314941
4.2089338302612305
7.50579833984375
6.383023262023926
7.53358268737793
8.5377197265625
7.093342304229736
4.4467573165893555
9.309985160827637
