8.457470893859863
6.313299655914307
4.2799787521362305
4.2807230949401855
7.1010026931762695
4.8399529457092285
10.57763671875
9.773072242736816
6.952102184295654
6.559226036071777
5.291030406951904
5.377135753631592
6.529026985168457
6.203616142272949
6.802385330200195
5.317320346832275
7.33154296875
9.758252143859863
10.795557975769043
8.67660140991211
10.044150352478027
8.969107627868652
8.274538040161133
7.491171836853027
6.853403568267822
7.463797569274902
7.421904563903809
6.9802565574646
9.322467803955078
4.39625883102417
8.295708656311035
6.891449451446533
6.5538811683654785
8.021576881408691
10.670520782470703
5.755895137786865
9.404338836669922
10.06302261352539
8.819708824157715
7.229090213775635
8.517109870910645
6.25823974609375
10.154280662536621
6.90357780456543
11.266143798828125
5.817002773284912
4.3995161056518555
6.581711769104004
7.963577747344971
7.761023044586182
9.155311584472656
5.267475605010986
5.024863243103027
5.392956733703613
9.317870140075684
8.188962936401367
11.42520809173584
4.785355567932129
9.206077575683594
10.131451606750488
7.923309803009033
4.503836154937744
6.657341957092285
11.18852424621582
7.553046226501465
2.7960445880889893
7.581486225128174
6.923227787017822
3.2278170585632324
6.999057769775391
7.695975303649902
3.0336060523986816
10.49454116821289
6.475680351257324
10.823081016540527
11.454472541809082
7.1732635498046875
6.689585208892822
6.382828712463379
8.417545318603516
8.873246192932129
7.8991498947143555
3.9581298828125
9.79023551940918
8.078958511352539
5.614532947540283
3.791829824447632
10.81861686706543
6.132559776306152
7.145923137664795
7.130429744720459
9.123675346374512
9.504298210144043
3.4502131938934326
7.88313102722168
8.543232917785645
7.471635341644287
9.662514686584473
4.325224876403809
11.539292335510254
7.878652572631836
9.567096710205078
6.754042148590088
4.154840469360352
7.214272499084473
5.8725690841674805
9.21108627319336
7.252386093139648
5.343756198883057
4.819180965423584
9.987337112426758
8.813092231750488
8.397104263305664
8.762104988098145
7.227344036102295
8.167413711547852
11.58626937866211
6.811220645904541
6.993584156036377
5.2889323234558105
8.206802368164062
5.951197624206543
6.5404133796691895
4.522040367126465
3.8184213638305664
7.011053085327148
6.375913143157959
8.430341720581055
7.731033802032471
3.776125907897949
3.6106650829315186
6.420148849487305
7.470722198486328
10.192150115966797
9.037445068359375
5.946267604827881
9.198504447937012
8.581143379211426
8.06632137298584
8.302160263061523
8.483707427978516
9.981002807617188
5.769793510437012
6.278565406799316
7.6640424728393555
3.6298954486846924
8.407853126525879
3.9199414253234863
6.75268030166626
9.620074272155762
7.010270118713379
4.378291130065918
7.2064032554626465
7.001710891723633
9.58354377746582
7.173854351043701
7.0023603439331055
7.682254314422607
9.369524955749512
8.894282341003418
4.07823371887207
10.157929420471191
5.82220983505249
7.210343360900879
10.615324020385742
3.353442430496216
7.187270641326904
9.102860450744629
9.595307350158691
4.835200309753418
6.283416271209717
6.741940498352051
8.94133472442627
8.05836296081543
7.89544677734375
6.1287007331848145
6.532232284545898
10.181650161743164
7.856758117675781
8.902308464050293
12.083620071411133
9.298466682434082
6.097112655639648
11.147047996520996
1.9578994512557983
9.127144813537598
8.830477714538574
3.9933924674987793
5.658820629119873
8.64660358428955
10.140357971191406
8.882630348205566
11.67495059967041
9.549616813659668
10.65451717376709
6.506340503692627
9.364483833312988
6.220017910003662
9.132529258728027
6.7102437019348145
3.85667085647583
9.828506469726562
7.111250400543213
7.352023124694824
7.120044231414795
6.559725284576416
7.142553806304932
8.83823299407959
5.659664154052734
4.883197784423828
5.32562780380249
6.740623474121094
6.016022205352783
8.395218849182129
6.37285852432251
5.132684707641602
10.94790267944336
10.735145568847656
5.970156192779541
4.0910725593566895
8.993805885314941
7.084105968475342
9.803747177124023
9.34303092956543
7.689694404602051
5.478944778442383
8.299540519714355
5.636679649353027
9.997076988220215
8.26994800567627
3.6608593463897705
9.56844425201416
8.67587947845459
10.562089920043945
7.458643436431885
5.880804061889648
6.347156524658203
10.719969749450684
7.300790309906006
5.557859420776367
5.36969518661499
6.81187105178833
7.589583396911621
7.784327983856201
8.693948745727539
3.967883348464966
11.309728622436523
8.19111156463623
8.193836212158203
7.505091190338135
7.558291435241699
9.902196884155273
4.351274490356445
6.766030311584473
9.621991157531738
10.566841125488281
6.010307788848877
6.499258995056152
6.841467380523682
6.427084922790527
11.546723365783691
2.276682138442993
7.378795146942139
10.434993743896484
8.607718467712402
8.642295837402344
9.110264778137207
8.783764839172363
10.582018852233887
6.721721172332764
8.970613479614258
9.50798225402832
10.403467178344727
9.192228317260742
6.840932846069336
7.991301536560059
9.290904998779297
9.722929954528809
5.524539470672607
9.536393165588379
5.865540504455566
8.470152854919434
9.649157524108887
8.794145584106445
4.322841167449951
6.783006191253662
6.460559368133545
10.161171913146973
9.686227798461914
9.492834091186523
7.467282772064209
5.948624134063721
8.984079360961914
9.047162055969238
6.713523864746094
8.22900390625
6.041936874389648
5.285360813140869
9.051383972167969
9.382857322692871
9.439411163330078
10.456839561462402
6.871180057525635
4.386832237243652
10.566095352172852
7.627968788146973
8.255926132202148
6.660012245178223
5.50777006149292
8.79997730255127
8.466350555419922
9.776738166809082
7.695686340332031
6.5607147216796875
5.3140997886657715
5.446834564208984
9.497041702270508
7.887285232543945
5.120823860168457
8.652812957763672
9.342666625976562
9.257088661193848
3.0945565700531006
4.832235813140869
7.917663097381592
8.514464378356934
9.668200492858887
6.297458171844482
6.601945877075195
5.4228291511535645
8.454248428344727
5.542294025421143
5.530154228210449
8.738329887390137
6.471485137939453
8.48505687713623
10.344841957092285
10.179941177368164
7.111954212188721
4.732682228088379
9.09055233001709
5.972395896911621
7.724253177642822
11.845375061035156
7.591118335723877
6.223958492279053
7.309530735015869
4.8877363204956055
6.868217945098877
4.246944427490234
8.280759811401367
6.704729080200195
7.633545875549316
8.16497802734375
5.416723728179932
9.927639961242676
7.355700969696045
4.5589680671691895
8.8303861618042
5.871052265167236
11.294448852539062
3.9286181926727295
5.906423091888428
3.839745283126831
3.8921139240264893
9.494139671325684
7.724959373474121
9.627534866333008
5.615501403808594
1.347104787826538
10.571426391601562
6.10500431060791
7.231431007385254
9.271060943603516
6.7960591316223145
7.214129447937012
7.008218765258789
4.261376857757568
6.87736177444458
5.3715314865112305
5.6694560050964355
2.957373857498169
3.6378915309906006
4.9914679527282715
5.557060718536377
7.633005619049072
7.150981426239014
6.913064002990723
8.853034973144531
7.522918701171875
4.373955249786377
2.9822709560394287
5.132717609405518
5.029227256774902
9.438005447387695
4.816271781921387
5.86631441116333
12.143172264099121
4.017660617828369
4.825006008148193
6.687417030334473
10.450410842895508
3.8367631435394287
8.896688461303711
9.664443016052246
9.541935920715332
6.48175573348999
6.694499492645264
4.797781467437744
3.8160629272460938
7.319269180297852
3.80014705657959
9.372418403625488
9.796696662902832
9.802360534667969
6.440211772918701
6.433032035827637
6.227055549621582
8.921793937683105
8.315263748168945
7.069118022918701
8.241701126098633
8.982999801635742
6.498443603515625
5.799165725708008
6.2674736976623535
5.971476078033447
10.448709487915039
7.621044158935547
10.345942497253418
7.189480781555176
0.991523027420044
6.752110481262207
8.934219360351562
6.591740608215332
4.094011306762695
7.0840840339660645
6.123136520385742
4.211604118347168
4.903885841369629
5.28900146484375
5.643460273742676
5.529745578765869
9.844839096069336
7.889876365661621
1.952478289604187
10.32878303527832
8.308178901672363
6.063579082489014
10.914490699768066
7.176585674285889
5.965418338775635
4.261849880218506
10.117341995239258
9.35903549194336
7.988758563995361
9.236886024475098
9.37965202331543
7.250838279724121
7.292524814605713
8.726250648498535
7.98581075668335
7.617465972900391
8.617424964904785
5.6565022468566895
4.830643653869629
6.774232864379883
6.087936878204346
8.936426162719727
7.989604473114014
11.257394790649414
3.8339715003967285
6.771568775177002
4.846860885620117
6.354073524475098
7.813291072845459
7.342551231384277
6.7479658126831055
5.014904022216797
7.440553665161133
5.161574840545654
7.036215305328369
3.96207857131958
7.135134220123291
6.274825572967529
10.779194831848145
5.06031608581543
6.242094993591309
10.350032806396484
9.762755393981934
4.482306480407715
8.894035339355469
7.101634502410889
7.8224873542785645
6.610562801361084
10.354690551757812
9.483006477355957
8.216259956359863
6.931671619415283
9.953412055969238
