6.67927360534668
9.104920387268066
7.971829414367676
7.501559257507324
7.212618827819824
8.672378540039062
8.482155799865723
9.239787101745605
8.97170352935791
9.503727912902832
7.447160243988037
5.716880798339844
8.49174690246582
7.856901168823242
7.576437473297119
8.340546607971191
9.343321800231934
9.699591636657715
11.075565338134766
9.775196075439453
8.216102600097656
6.091589450836182
9.515291213989258
9.773015022277832
8.553681373596191
6.683441638946533
9.232742309570312
8.314157485961914
7.914072513580322
8.91414737701416
9.710220336914062
10.07017993927002
8.803893089294434
8.850912094116211
7.28316593170166
9.754870414733887
5.896356582641602
9.624420166015625
7.016700267791748
8.84757137298584
8.81989574432373
2.759580612182617
8.666196823120117
8.748977661132812
8.023271560668945
6.761855602264404
9.709649085998535
7.539098262786865
6.9514055252075195
7.81769323348999
9.69150447845459
9.358292579650879
8.060235023498535
8.482746124267578
7.110611915588379
8.816587448120117
8.098337173461914
9.601264953613281
6.5357160568237305
9.968887329101562
6.990461826324463
8.585153579711914
10.616637229919434
7.62061882019043
7.853487968444824
6.60207986831665
6.377645969390869
6.838715076446533
5.896980285644531
8.122528076171875
8.604026794433594
7.406979560852051
7.812601089477539
4.468235492706299
8.692306518554688
7.901047706604004
7.517465114593506
8.615137100219727
6.16323184967041
4.796486854553223
7.251950263977051
8.260976791381836
8.561707496643066
11.119945526123047
7.306739330291748
9.270894050598145
7.337255954742432
8.008281707763672
10.221931457519531
9.359067916870117
8.959844589233398
9.083333969116211
10.142814636230469
10.604107856750488
7.314467906951904
9.70809268951416
9.100960731506348
6.886854648590088
4.525003433227539
7.384021759033203
10.911383628845215
9.1782865524292
7.791060447692871
8.414695739746094
6.273256301879883
8.107522010803223
9.487702369689941
8.530196189880371
7.61597204208374
7.059469699859619
8.334293365478516
7.024621963500977
9.054819107055664
9.652664184570312
9.690478324890137
9.88526439666748
8.172489166259766
8.447891235351562
10.319665908813477
7.032286167144775
8.992996215820312
5.523110866546631
9.948115348815918
8.589059829711914
7.511554718017578
9.651857376098633
9.756667137145996
8.294529914855957
8.072711944580078
7.740379333496094
7.392910480499268
5.1384077072143555
6.729870319366455
9.933744430541992
9.295605659484863
8.607616424560547
9.009344100952148
10.53191089630127
6.74335241317749
8.760263442993164
6.176365852355957
9.714432716369629
7.058376789093018
7.299577236175537
9.176236152648926
8.034799575805664
8.036020278930664
5.517409324645996
6.471959590911865
8.366957664489746
8.640948295593262
7.4415059089660645
8.203018188476562
8.287111282348633
7.404863357543945
8.453536987304688
8.112210273742676
8.612569808959961
6.183115482330322
9.431802749633789
10.279460906982422
4.807949542999268
9.419160842895508
8.213216781616211
9.263041496276855
8.255791664123535
7.22473669052124
10.434242248535156
7.7822675704956055
7.519307613372803
7.876255989074707
10.754539489746094
6.216810703277588
8.897439956665039
9.980973243713379
7.5393548011779785
9.353100776672363
10.061811447143555
6.301407814025879
8.979580879211426
8.513455390930176
11.647858619689941
9.095837593078613
7.820627689361572
7.564419269561768
9.487178802490234
11.286581039428711
8.509025573730469
9.326431274414062
5.2360639572143555
7.503715991973877
8.146056175231934
9.738055229187012
8.939109802246094
8.788674354553223
10.682779312133789
9.471735000610352
5.460424900054932
9.940032958984375
6.999809741973877
6.208120346069336
6.817286968231201
8.722469329833984
7.465503215789795
6.720239639282227
9.082287788391113
8.69575309753418
7.559139251708984
9.905510902404785
6.432636260986328
7.2340168952941895
6.404573917388916
6.468444347381592
8.941421508789062
8.100271224975586
9.775187492370605
6.186794757843018
8.512799263000488
8.451611518859863
7.475411891937256
9.225573539733887
8.423035621643066
8.985859870910645
9.724724769592285
8.23259162902832
10.077094078063965
6.871888160705566
3.86885142326355
8.19929027557373
9.454656600952148
7.045102596282959
9.96380615234375
6.513601303100586
9.607568740844727
8.103842735290527
6.289916038513184
6.477976322174072
6.513605117797852
9.607308387756348
8.538919448852539
7.176847457885742
8.110112190246582
6.267302989959717
7.177334308624268
9.598918914794922
8.711206436157227
6.527927398681641
11.330731391906738
8.919598579406738
8.896782875061035
7.409933567047119
8.383638381958008
6.160520076751709
6.415032863616943
8.058396339416504
6.128894805908203
8.712480545043945
7.030309200286865
8.722124099731445
8.611907958984375
7.7884440422058105
8.174065589904785
8.806092262268066
7.121250152587891
8.8755521774292
8.447760581970215
10.686758995056152
5.105002403259277
7.3883748054504395
8.606609344482422
9.679765701293945
5.9732465744018555
6.779163360595703
9.17298412322998
10.35417652130127
9.435800552368164
7.382952690124512
9.055398941040039
8.629778861999512
10.276090621948242
8.216561317443848
7.6316609382629395
9.751042366027832
5.633251190185547
5.919497013092041
6.950161457061768
8.992387771606445
9.29474925994873
7.6402974128723145
8.132105827331543
6.7386860847473145
3.5726587772369385
8.250249862670898
9.0572509765625
7.942291736602783
8.696134567260742
7.3845648765563965
9.699904441833496
9.162001609802246
8.635052680969238
8.568126678466797
7.19999361038208
6.452389717102051
9.954492568969727
5.215512275695801
6.737338066101074
7.972346305847168
8.365727424621582
6.773577690124512
8.020345687866211
8.047918319702148
7.256500720977783
10.051904678344727
6.882188320159912
7.999156475067139
7.654429912567139
7.721704483032227
8.183930397033691
6.729735851287842
8.427005767822266
6.339008331298828
10.749282836914062
10.73847484588623
7.558040618896484
7.269526481628418
5.814188003540039
7.5193400382995605
6.863794803619385
4.902889728546143
7.713711261749268
10.025078773498535
9.884603500366211
7.8521528244018555
8.284810066223145
10.508719444274902
7.665844917297363
8.681866645812988
8.73178768157959
8.806333541870117
7.0579915046691895
7.865997791290283
5.739940643310547
9.132497787475586
8.233695030212402
10.042537689208984
9.620221138000488
9.118918418884277
10.311421394348145
4.6130805015563965
8.985797882080078
9.209921836853027
9.974862098693848
7.620330810546875
8.653149604797363
6.751536846160889
7.918005466461182
7.967768669128418
8.75317668914795
8.065031051635742
7.300262451171875
6.482585430145264
8.849109649658203
6.99575138092041
8.913617134094238
8.876839637756348
8.00990104675293
8.538556098937988
8.441248893737793
10.262206077575684
6.98614501953125
8.807249069213867
8.83330249786377
10.456571578979492
5.506755352020264
6.602450847625732
8.175270080566406
7.809404373168945
6.075321674346924
6.259509563446045
9.707381248474121
10.557245254516602
8.528002738952637
9.433932304382324
6.520784854888916
7.821134567260742
8.53208065032959
10.668556213378906
9.713329315185547
8.868151664733887
9.399105072021484
7.61260986328125
8.673786163330078
7.305318355560303
9.42786979675293
9.363506317138672
8.738040924072266
8.658985137939453
7.377466678619385
9.661286354064941
5.40629243850708
4.89609956741333
8.413227081298828
10.449361801147461
8.018099784851074
10.138765335083008
9.371450424194336
8.533217430114746
8.318929672241211
11.907148361206055
7.091004371643066
7.234190464019775
10.863517761230469
8.609515190124512
7.088748455047607
8.911972045898438
9.647622108459473
8.488027572631836
6.234930038452148
8.64028549194336
7.91151237487793
8.475335121154785
8.241217613220215
8.27199935913086
9.63335132598877
8.063161849975586
7.658782005310059
7.936769485473633
9.510688781738281
8.011761665344238
9.946100234985352
6.513061046600342
4.89155912399292
7.546483039855957
5.659804821014404
7.901551246643066
7.017983436584473
9.024789810180664
7.481865406036377
6.709772109985352
9.596932411193848
6.591131210327148
8.507296562194824
7.424511909484863
7.563817024230957
9.97036361694336
8.026016235351562
9.79093074798584
10.397313117980957
5.918532848358154
5.351635932922363
6.487926483154297
7.863909721374512
9.371660232543945
6.372740268707275
5.994322299957275
7.128821849822998
8.237125396728516
9.382521629333496
7.7664690017700195
8.267138481140137
9.914189338684082
8.37411117553711
8.554645538330078
8.740784645080566
9.15347671508789
6.872942924499512
8.478503227233887
5.750943183898926
8.399505615234375
11.15634822845459
9.674116134643555
7.700868606567383
4.111588478088379
6.846545696258545
7.772340774536133
10.94346809387207
7.351385116577148
8.719547271728516
9.988813400268555
7.508189678192139
6.814170837402344
10.75976276397705
9.758064270019531
8.366247177124023
7.746033668518066
8.017520904541016
6.851741790771484
9.212631225585938
10.16496467590332
7.307822227478027
7.268002986907959
6.705393314361572
8.549671173095703
8.033945083618164
6.71954345703125
9.435314178466797
8.111090660095215
7.311453819274902
8.245665550231934
9.678142547607422
