8.614533424377441
10.046074867248535
8.60693073272705
8.141858100891113
9.589469909667969
9.2396821975708
7.622747421264648
10.358210563659668
8.991131782531738
9.556386947631836
8.659950256347656
7.778645038604736
9.007933616638184
8.04310131072998
7.543765068054199
8.740331649780273
9.262116432189941
9.366525650024414
9.651684761047363
9.555285453796387
7.5545125007629395
7.081137657165527
8.376556396484375
8.734642028808594
7.5956220626831055
8.003179550170898
9.779417037963867
8.25477409362793
8.055596351623535
8.105334281921387
9.700263023376465
8.676139831542969
8.401894569396973
9.832951545715332
6.734663486480713
10.374807357788086
7.453307628631592
8.641988754272461
7.434241771697998
9.349137306213379
8.805389404296875
5.434682846069336
7.854163646697998
9.127358436584473
9.350129127502441
10.011499404907227
7.857402324676514
7.677672863006592
7.203925132751465
10.53598690032959
8.612861633300781
9.276749610900879
10.001784324645996
8.415592193603516
8.989950180053711
8.206070899963379
6.194684982299805
9.794781684875488
7.776120185852051
9.828575134277344
8.157758712768555
8.33023452758789
10.119308471679688
8.406746864318848
6.892666816711426
6.934754371643066
8.815431594848633
6.748737335205078
6.527382850646973
9.388348579406738
10.162995338439941
4.902309894561768
9.700926780700684
7.198240756988525
7.986820697784424
8.707240104675293
9.100479125976562
8.306743621826172
8.174229621887207
5.745504856109619
9.925990104675293
8.339994430541992
9.037150382995605
9.434611320495605
9.54732894897461
8.845723152160645
9.004650115966797
9.440638542175293
8.781889915466309
9.810357093811035
8.414255142211914
7.731665134429932
9.206880569458008
9.0663480758667
8.105513572692871
9.134509086608887
9.014769554138184
8.302783012390137
7.207320213317871
8.049781799316406
9.5947904586792
9.421013832092285
8.528197288513184
9.774933815002441
8.043905258178711
8.068989753723145
9.157530784606934
8.199482917785645
7.6352996826171875
8.31100082397461
8.826192855834961
8.341806411743164
9.145512580871582
8.975933074951172
8.8777494430542
9.209720611572266
8.778868675231934
7.972101211547852
9.380189895629883
7.9649457931518555
9.53341007232666
7.51347017288208
8.622130393981934
8.473335266113281
9.406734466552734
9.34151840209961
8.499835968017578
9.57303524017334
9.557412147521973
9.956171035766602
7.789669990539551
8.783265113830566
8.545376777648926
9.783417701721191
8.891654968261719
9.123741149902344
8.94426441192627
9.187361717224121
8.620179176330566
8.744976997375488
7.570303916931152
8.079978942871094
8.712288856506348
7.564375877380371
9.154911994934082
8.2023344039917
8.241409301757812
8.209217071533203
9.114938735961914
9.36941146850586
8.512511253356934
7.163797378540039
7.972972393035889
8.123092651367188
8.155327796936035
7.78162956237793
7.832815170288086
7.740307807922363
5.953770637512207
7.197843551635742
8.381953239440918
4.9805908203125
9.09829330444336
8.652544021606445
8.974494934082031
9.183614730834961
9.300318717956543
9.376194953918457
8.67691707611084
8.225037574768066
6.956626892089844
8.32022476196289
5.7186665534973145
8.258187294006348
7.523218154907227
7.610315322875977
10.106661796569824
9.091103553771973
7.143878936767578
8.645861625671387
8.8798189163208
8.744133949279785
7.663442611694336
8.492405891418457
7.301466464996338
9.395978927612305
10.278005599975586
8.697833061218262
9.123823165893555
8.25619888305664
8.276152610778809
8.139780044555664
10.017590522766113
8.578978538513184
10.624573707580566
9.324338912963867
8.639033317565918
9.209897994995117
8.482669830322266
7.6418280601501465
7.849506855010986
8.67603874206543
8.163095474243164
8.813602447509766
7.466499328613281
8.253036499023438
8.755850791931152
8.775426864624023
8.68771743774414
9.424171447753906
7.285810947418213
8.521233558654785
8.481927871704102
8.595233917236328
8.983149528503418
8.316431045532227
8.16106128692627
9.820611000061035
8.938630104064941
7.97528600692749
9.97636604309082
8.555129051208496
9.45268440246582
9.5957670211792
8.268209457397461
10.400383949279785
7.32668399810791
6.833463668823242
9.128181457519531
8.979796409606934
7.786231517791748
8.1761474609375
8.191044807434082
9.344042778015137
7.827815055847168
7.756479740142822
8.184747695922852
7.658283710479736
9.142020225524902
7.824721813201904
7.181050777435303
8.321839332580566
6.885675430297852
9.12777042388916
8.438600540161133
8.656349182128906
8.991254806518555
8.830981254577637
7.832611083984375
8.94258975982666
8.697587966918945
7.70953369140625
6.091928958892822
6.53389835357666
9.506091117858887
7.131990909576416
8.793174743652344
8.501751899719238
9.40013313293457
9.374642372131348
8.605589866638184
8.79256534576416
9.904465675354004
8.890901565551758
8.903409004211426
7.108978271484375
8.303183555603027
8.077949523925781
7.992249488830566
6.470330715179443
9.700008392333984
7.21755313873291
7.214660167694092
8.641080856323242
8.859648704528809
10.034916877746582
7.442176342010498
8.601639747619629
8.944581985473633
9.38686752319336
7.462974548339844
8.57755184173584
9.219204902648926
9.301819801330566
9.228890419006348
7.635758876800537
8.703269004821777
9.317265510559082
8.306467056274414
9.6695556640625
8.872551918029785
4.182118892669678
8.05403995513916
9.070185661315918
7.778374195098877
9.282569885253906
8.431236267089844
8.176554679870605
8.522749900817871
7.680843353271484
8.283426284790039
8.162630081176758
6.846201419830322
8.54174518585205
8.242182731628418
7.210591793060303
8.120220184326172
7.4346771240234375
7.5298943519592285
7.3597822189331055
6.845320701599121
9.192605972290039
8.769164085388184
7.783430576324463
9.47049331665039
8.20771312713623
8.041019439697266
7.495250225067139
6.664758682250977
9.22795581817627
7.893099784851074
9.111210823059082
9.793901443481445
8.481101036071777
8.77773380279541
6.195103645324707
6.75061559677124
7.492105484008789
6.514176368713379
9.228208541870117
9.512822151184082
9.914926528930664
10.176891326904297
9.774494171142578
9.55762767791748
8.39034366607666
9.695950508117676
8.374979972839355
9.624570846557617
7.887584686279297
8.047717094421387
5.887834072113037
9.500937461853027
7.579254627227783
8.715657234191895
8.098363876342773
8.338167190551758
9.764616012573242
7.925395488739014
8.048291206359863
7.719052314758301
8.161141395568848
7.410604953765869
8.570841789245605
8.288689613342285
7.827394485473633
6.510909080505371
9.48496150970459
8.367636680603027
9.576458930969238
6.636181354522705
9.771702766418457
8.679303169250488
8.03093433380127
9.898953437805176
8.839357376098633
10.164209365844727
10.116111755371094
9.66218090057373
7.552732944488525
7.8478193283081055
8.921217918395996
8.764019966125488
7.879492282867432
7.311120986938477
8.320777893066406
8.203580856323242
7.389408588409424
7.808699131011963
7.951184272766113
9.191657066345215
8.369078636169434
9.60552978515625
6.371895790100098
8.49345588684082
6.528322219848633
9.897958755493164
7.875556945800781
6.1887125968933105
8.377758979797363
9.236730575561523
8.060646057128906
8.926653861999512
9.135563850402832
8.103628158569336
8.938299179077148
8.482831954956055
6.402007579803467
10.04005241394043
5.89492130279541
8.247030258178711
9.422466278076172
9.867551803588867
7.751794815063477
9.041217803955078
9.112687110900879
9.544883728027344
8.593056678771973
9.968920707702637
8.297491073608398
8.219134330749512
8.982903480529785
8.627031326293945
7.473166465759277
10.122726440429688
9.252579689025879
9.233237266540527
7.392711639404297
9.310319900512695
7.345084190368652
8.753252983093262
9.66341495513916
7.705377578735352
9.825968742370605
7.4451141357421875
6.684580326080322
7.535163879394531
8.64658260345459
8.754414558410645
9.66133975982666
7.792229175567627
6.384716510772705
7.6885199546813965
7.748073101043701
9.551376342773438
7.5371174812316895
9.090202331542969
6.3821282386779785
7.557106971740723
7.217130661010742
7.823587417602539
9.398670196533203
8.185922622680664
8.745498657226562
8.710222244262695
8.89552116394043
9.520015716552734
8.87124252319336
8.15105152130127
7.799716949462891
6.890447616577148
7.946788787841797
8.088406562805176
8.27230167388916
6.574416160583496
7.980249404907227
9.06014347076416
8.982542991638184
9.008109092712402
8.43084716796875
9.3081693649292
7.820871829986572
7.764414310455322
10.03650188446045
8.058897018432617
6.880888938903809
7.672818183898926
8.042574882507324
8.43018913269043
8.971094131469727
9.024299621582031
7.683717727661133
6.606402397155762
8.791690826416016
8.61718463897705
9.797324180603027
7.434148788452148
8.911049842834473
10.078898429870605
9.135766983032227
5.898283958435059
9.398968696594238
8.74114990234375
8.507257461547852
7.380644798278809
6.595399856567383
9.018563270568848
9.296096801757812
9.172137260437012
9.874382019042969
9.021677017211914
9.702977180480957
8.335114479064941
8.81297779083252
8.300470352172852
9.26904010772705
8.574416160583496
6.977141380310059
9.46277141571045
9.049217224121094
