8.470029830932617
9.696070671081543
8.226808547973633
7.787513256072998
9.130514144897461
8.747052192687988
7.2186055183410645
9.992958068847656
8.793654441833496
9.224448204040527
8.262953758239746
7.774525165557861
8.729623794555664
7.94482421875
7.547158241271973
8.426074028015137
9.07679557800293
9.161537170410156
9.004764556884766
9.374072074890137
7.223929405212402
6.806349277496338
7.758563041687012
8.214336395263672
7.534005641937256
7.689892768859863
9.112993240356445
7.89414644241333
7.976950168609619
7.8093132972717285
9.379537582397461
8.238579750061035
7.6675848960876465
9.513404846191406
6.3257551193237305
9.7905912399292
7.314025402069092
8.202035903930664
7.124919414520264
8.999465942382812
8.58847713470459
5.18940544128418
7.224170207977295
8.653407096862793
8.966900825500488
9.516283988952637
7.478760719299316
7.0415120124816895
6.673086643218994
10.292884826660156
8.319123268127441
9.297356605529785
9.79301929473877
8.11620044708252
8.749897003173828
7.983188629150391
5.94948148727417
9.574416160583496
7.453994274139404
9.348082542419434
8.064740180969238
8.085566520690918
9.630436897277832
7.799052715301514
6.437299728393555
6.67866849899292
8.597914695739746
6.754207611083984
6.305126667022705
9.248656272888184
10.239089965820312
4.595060348510742
9.37672233581543
6.9821600914001465
7.5423994064331055
8.33780574798584
8.58393669128418
8.089581489562988
7.8131537437438965
4.964355945587158
9.46208667755127
7.663530349731445
8.324697494506836
8.829683303833008
9.23789119720459
8.302639961242676
8.489437103271484
9.15176010131836
8.422240257263184
9.496528625488281
8.206998825073242
7.552064895629883
8.902886390686035
8.601825714111328
7.306016445159912
8.883633613586426
8.6434907913208
7.765232086181641
6.973356246948242
7.729921340942383
9.236831665039062
9.105887413024902
8.476055145263672
9.215519905090332
7.609975814819336
7.643684387207031
9.11690902709961
7.878806114196777
7.199977397918701
8.035075187683105
8.738607406616211
7.862791538238525
9.063316345214844
8.578744888305664
8.508221626281738
8.45273208618164
8.377495765686035
7.338098526000977
9.033053398132324
7.58142614364624
9.146455764770508
7.370758533477783
7.9250946044921875
8.247636795043945
8.827449798583984
8.944757461547852
8.026659965515137
9.37297248840332
9.336100578308105
9.368745803833008
7.499053001403809
8.461167335510254
8.19846248626709
9.329329490661621
8.865966796875
8.629615783691406
8.693245887756348
8.846511840820312
8.576053619384766
8.499288558959961
7.333440780639648
7.659662246704102
8.384786605834961
7.388445854187012
8.808645248413086
7.994975566864014
8.089690208435059
7.800815582275391
8.514404296875
9.344770431518555
8.291035652160645
7.08768892288208
7.8494157791137695
7.643470287322998
8.123385429382324
7.307072162628174
7.324762344360352
7.503833293914795
5.345804214477539
6.610601425170898
7.843332767486572
4.937055587768555
8.6331148147583
8.201409339904785
8.6443510055542
9.023031234741211
9.133145332336426
8.563642501831055
8.107011795043945
7.6397786140441895
6.367537498474121
8.013105392456055
5.5856032371521
7.790163993835449
7.482656478881836
7.30026388168335
9.875061988830566
8.846687316894531
6.890908241271973
8.35754108428955
8.520037651062012
8.399457931518555
7.453514099121094
8.336959838867188
7.003019332885742
9.378938674926758
9.898421287536621
8.413743019104004
9.096604347229004
8.10354232788086
8.000940322875977
7.724337577819824
9.875870704650879
8.203795433044434
10.360696792602539
8.994029998779297
8.275933265686035
8.769736289978027
8.259078979492188
7.430084705352783
7.569652080535889
8.25724983215332
7.439228534698486
8.530826568603516
7.517934799194336
8.266925811767578
8.439342498779297
8.30379581451416
8.671335220336914
9.107414245605469
7.239809513092041
7.947375774383545
7.704406261444092
8.210875511169434
8.689111709594727
7.989215850830078
7.630999565124512
9.49564266204834
8.48055362701416
7.34112548828125
9.505011558532715
8.091642379760742
9.456686019897461
9.309775352478027
7.692280292510986
10.106732368469238
6.960183143615723
6.649121284484863
8.842450141906738
8.407488822937012
7.42439079284668
7.988748550415039
8.129209518432617
8.907535552978516
7.750063896179199
7.260084629058838
7.809298038482666
6.9176106452941895
8.748494148254395
7.395643711090088
6.658865928649902
7.894336223602295
6.667208194732666
8.897589683532715
7.9815673828125
8.19111442565918
8.380660057067871
8.15853214263916
7.575108528137207
8.532550811767578
8.486818313598633
7.662652492523193
5.807025909423828
6.183303356170654
9.135822296142578
6.8172736167907715
8.574872970581055
8.352664947509766
9.03130054473877
9.18110179901123
8.459568977355957
8.513188362121582
9.44788932800293
8.975213050842285
8.6072998046875
6.728257179260254
8.121195793151855
7.71945333480835
7.824035167694092
6.199661731719971
9.497980117797852
7.0113606452941895
7.0034685134887695
8.057729721069336
8.649539947509766
9.798194885253906
7.011527061462402
8.271878242492676
8.537161827087402
9.038799285888672
7.114333629608154
7.962143898010254
8.772851943969727
8.87528133392334
9.214917182922363
7.4287519454956055
8.460064888000488
9.264779090881348
8.221014976501465
9.116989135742188
8.54808235168457
4.084356307983398
7.653895854949951
8.643807411193848
7.124781131744385
9.163834571838379
7.8925700187683105
8.120031356811523
7.99118185043335
7.387163162231445
7.7175374031066895
7.751834392547607
6.493008136749268
7.973194599151611
8.096170425415039
6.661155700683594
7.654437065124512
6.814220428466797
7.295194625854492
7.068683624267578
6.754783630371094
8.915428161621094
8.306262016296387
7.81654167175293
8.9107027053833
7.842320442199707
7.859463214874268
7.137664794921875
6.373218059539795
8.732138633728027
7.386162281036377
8.698040962219238
9.312911033630371
8.106163024902344
8.293268203735352
6.006452560424805
6.467479228973389
7.216186046600342
6.439139366149902
8.557509422302246
9.10205078125
9.560826301574707
9.787090301513672
9.524629592895508
9.299917221069336
7.992060661315918
9.740973472595215
7.8678975105285645
9.364151000976562
7.495797634124756
7.8918232917785645
5.433252811431885
9.248720169067383
7.227540969848633
8.444469451904297
7.460174560546875
8.001668930053711
9.491608619689941
7.68056583404541
7.873345851898193
6.848330020904541
7.917779922485352
7.500340461730957
8.186344146728516
7.8194661140441895
7.439524173736572
6.416048526763916
9.368972778320312
8.211956977844238
9.146663665771484
6.402231693267822
9.17844295501709
8.198266983032227
7.360047340393066
9.390240669250488
8.437052726745605
9.867873191833496
10.065221786499023
9.123284339904785
7.3683905601501465
7.688314914703369
8.602864265441895
8.247066497802734
7.381421089172363
7.046724796295166
8.05400562286377
7.872796535491943
6.959076404571533
7.736507415771484
7.635504722595215
9.116703033447266
8.1393461227417
9.449590682983398
6.398158550262451
8.119672775268555
5.803181171417236
9.485519409179688
7.435003280639648
5.965329647064209
8.20616626739502
8.641322135925293
7.174917221069336
8.645299911499023
8.793428421020508
7.8693671226501465
8.669489860534668
7.883864879608154
5.995754718780518
9.56688117980957
5.453003406524658
8.056259155273438
8.90072250366211
9.588738441467285
7.771141052246094
8.202360153198242
8.735631942749023
9.129783630371094
8.228365898132324
9.506621360778809
8.130203247070312
7.963640213012695
8.570294380187988
7.925223350524902
6.8456130027771
10.011216163635254
9.046369552612305
8.595479011535645
7.061800479888916
9.0191068649292
7.278686046600342
8.587390899658203
9.161300659179688
7.585405349731445
9.29315185546875
7.181580543518066
6.365752696990967
6.691336631774902
8.054319381713867
8.31120777130127
9.451815605163574
7.529542922973633
6.320292949676514
7.167500019073486
7.290362358093262
9.129955291748047
7.63676118850708
8.761154174804688
6.255056381225586
7.236902236938477
6.765507221221924
7.4477458000183105
8.63748550415039
7.687041282653809
8.478255271911621
8.124258041381836
8.34575080871582
8.998387336730957
8.261094093322754
7.86145544052124
7.417761325836182
6.669822692871094
7.847716808319092
7.711298942565918
7.652940273284912
6.328121185302734
7.691569805145264
8.875292778015137
8.404187202453613
8.550915718078613
8.313213348388672
8.9139404296875
7.513777256011963
7.4242939949035645
9.861261367797852
7.753173828125
6.713210105895996
7.261346340179443
7.802798271179199
7.972527980804443
8.680792808532715
8.73373031616211
7.433261871337891
6.349917411804199
8.425315856933594
8.395333290100098
9.423149108886719
7.090705871582031
8.669279098510742
9.61650562286377
8.624978065490723
5.346538066864014
9.040556907653809
8.202458381652832
7.883328437805176
7.016191482543945
5.907973766326904
9.059305191040039
9.07800006866455
8.785282135009766
9.68375015258789
8.81649398803711
9.706024169921875
7.842039585113525
8.568815231323242
8.2481107711792
8.50451374053955
8.29069995880127
6.7149739265441895
9.37960147857666
8.903738021850586
