8.705938339233398
10.325794219970703
9.063602447509766
8.553759574890137
9.735267639160156
9.362797737121582
8.073806762695312
10.321881294250488
9.249321937561035
9.502315521240234
8.749764442443848
7.755551815032959
9.294227600097656
7.951489448547363
7.697044372558594
9.368843078613281
9.589624404907227
9.549811363220215
10.128701210021973
9.67806625366211
7.868570327758789
7.220525741577148
8.959881782531738
9.143560409545898
7.580746650695801
8.282376289367676
10.189068794250488
8.758211135864258
8.02073860168457
8.545086860656738
9.794256210327148
9.263240814208984
8.933141708374023
9.867733001708984
7.213123321533203
10.535237312316895
7.7538299560546875
9.141083717346191
7.762848377227783
9.58687973022461
9.006937980651855
5.766577243804932
8.42569637298584
9.677362442016602
9.358476638793945
10.213078498840332
8.240814208984375
8.201827049255371
7.812337398529053
10.511746406555176
9.083300590515137
8.936967849731445
9.889843940734863
8.895965576171875
9.030106544494629
8.215222358703613
6.295603275299072
9.901471138000488
8.276914596557617
10.173199653625488
8.365683555603027
8.734715461730957
10.325632095336914
8.867010116577148
6.982256889343262
7.55369234085083
9.2029447555542
6.8931355476379395
6.998365879058838
9.544914245605469
10.069924354553223
5.227825164794922
9.887231826782227
7.490067005157471
8.220352172851562
8.762763977050781
9.370831489562988
8.772690773010254
8.408013343811035
6.083609580993652
10.425108909606934
8.403535842895508
9.223234176635742
9.992074012756348
9.4098482131958
9.231208801269531
9.448556900024414
9.748663902282715
9.290587425231934
9.893026351928711
8.346497535705566
7.997215270996094
9.492186546325684
9.455365180969238
8.712052345275879
9.46348762512207
9.1780424118042
8.313508033752441
7.430212497711182
8.678631782531738
9.70029067993164
9.535832405090332
8.621199607849121
10.021626472473145
8.382929801940918
8.770729064941406
9.16470718383789
8.431877136230469
8.014692306518555
8.389991760253906
9.078300476074219
8.702102661132812
9.326764106750488
9.250757217407227
9.134469985961914
9.804500579833984
9.03034782409668
8.417244911193848
9.744235038757324
8.173851013183594
9.965099334716797
7.88709831237793
9.032776832580566
8.751690864562988
9.826070785522461
9.55783748626709
8.732858657836914
9.896536827087402
9.916959762573242
10.050674438476562
8.19909954071045
8.624435424804688
8.966127395629883
10.218509674072266
8.764297485351562
9.74877643585205
9.438775062561035
9.4940185546875
8.683173179626465
9.162109375
7.905498027801514
8.491247177124023
8.97479248046875
7.741137981414795
9.548468589782715
8.543092727661133
8.223662376403809
8.693686485290527
9.578263282775879
9.02089786529541
8.769052505493164
7.252394199371338
8.019866943359375
8.51968002319336
8.248884201049805
8.384143829345703
8.197940826416016
7.893779277801514
6.540395259857178
7.743321418762207
9.089466094970703
5.144033908843994
9.428448677062988
8.666341781616211
9.361722946166992
9.31210994720459
9.331419944763184
9.879643440246582
9.033835411071777
8.464555740356445
7.575942516326904
8.490742683410645
5.878917694091797
8.767119407653809
7.7583394050598145
7.963364601135254
10.311654090881348
9.364289283752441
7.415854454040527
8.700413703918457
8.950651168823242
9.295025825500488
7.786489486694336
8.69514274597168
7.644970893859863
9.364262580871582
10.517176628112793
8.767983436584473
9.528955459594727
8.535277366638184
8.603397369384766
8.639993667602539
10.317734718322754
8.956331253051758
10.604412078857422
9.491925239562988
8.924359321594238
9.614095687866211
8.94510555267334
7.91988468170166
8.279295921325684
9.016778945922852
8.83524227142334
9.014581680297852
7.698330879211426
8.305654525756836
8.71064281463623
9.221290588378906
8.664094924926758
9.7496337890625
7.700706481933594
9.055046081542969
9.110062599182129
8.885163307189941
9.22347354888916
8.567205429077148
8.594064712524414
10.104424476623535
9.29924201965332
8.400028228759766
10.110494613647461
9.151529312133789
9.720956802368164
9.962480545043945
8.770855903625488
10.512365341186523
7.52882194519043
6.866032123565674
9.312471389770508
9.574610710144043
8.049627304077148
8.55688762664795
8.420453071594238
9.888764381408691
7.579461574554443
7.846168041229248
8.622910499572754
8.040425300598145
9.524558067321777
8.228449821472168
7.687168121337891
8.792489051818848
7.218128204345703
9.416871070861816
8.693358421325684
9.080921173095703
9.851007461547852
9.362187385559082
7.96826171875
9.49944019317627
8.87881851196289
7.812897205352783
6.104416847229004
6.5742411613464355
9.89125919342041
7.610097885131836
8.881628036499023
8.585693359375
9.652215003967285
9.87256908416748
8.621920585632324
9.045772552490234
10.15661334991455
8.882328033447266
9.480112075805664
7.827392578125
8.45231819152832
8.36801815032959
8.290886878967285
6.820623397827148
9.733945846557617
7.679355621337891
7.52842378616333
9.068633079528809
9.16715145111084
10.345369338989258
7.579827785491943
8.696640968322754
9.218509674072266
10.039623260498047
7.898525714874268
8.967098236083984
9.370306015014648
9.380205154418945
9.321139335632324
7.4817352294921875
8.655627250671387
9.842367172241211
8.17992115020752
9.926214218139648
9.210172653198242
4.046050071716309
8.577960968017578
9.458306312561035
8.391186714172363
9.472710609436035
8.6776762008667
8.332459449768066
8.655444145202637
8.129575729370117
8.9987211227417
8.567317962646484
7.32202672958374
8.975457191467285
8.40790843963623
7.650057792663574
8.554254531860352
8.051854133605957
7.805384159088135
7.7792067527771
7.146427631378174
9.16966438293457
9.075728416442871
7.846231460571289
9.663778305053711
8.558530807495117
8.38129997253418
7.741512298583984
6.884944915771484
9.615216255187988
8.47831916809082
9.41699504852295
10.12798023223877
8.578338623046875
8.965536117553711
6.250875473022461
7.007920265197754
7.742823123931885
6.62819766998291
9.516440391540527
9.744163513183594
10.050853729248047
10.090581893920898
9.73865795135498
9.332104682922363
8.650422096252441
9.78354549407959
8.831707954406738
9.927573204040527
8.135448455810547
8.210768699645996
6.795261859893799
9.730086326599121
8.048657417297363
9.192534446716309
8.62038803100586
8.85530948638916
9.632883071899414
7.917215347290039
8.204545974731445
8.520528793334961
8.467280387878418
7.444905757904053
9.204887390136719
8.733870506286621
8.298572540283203
6.516223907470703
9.799888610839844
8.354610443115234
9.73358154296875
6.700319766998291
10.222806930541992
9.09994125366211
8.571316719055176
10.091845512390137
9.118505477905273
10.538126945495605
10.254565238952637
10.168797492980957
7.960727691650391
7.999967575073242
9.094489097595215
9.009819984436035
8.212363243103027
7.575303554534912
8.47802734375
8.615840911865234
7.878763198852539
8.227631568908691
8.468077659606934
8.986071586608887
8.2646484375
9.944406509399414
6.294406414031982
8.71649169921875
7.059215545654297
10.303658485412598
8.326248168945312
6.3761491775512695
8.787031173706055
9.720080375671387
8.886446952819824
8.91901683807373
9.817700386047363
8.082438468933105
9.156048774719238
8.81192398071289
6.76503849029541
10.392379760742188
6.007915019989014
8.184130668640137
9.804308891296387
9.939676284790039
7.687972068786621
9.706938743591309
9.43497371673584
9.82254409790039
8.93834114074707
10.275781631469727
8.380410194396973
8.331225395202637
9.637374877929688
9.194747924804688
7.953433036804199
10.279399871826172
9.414487838745117
10.033141136169434
7.7374043464660645
9.625367164611816
7.805823802947998
8.742243766784668
10.10770034790039
7.390457630157471
10.083006858825684
7.701717376708984
7.099295616149902
8.350251197814941
9.27192211151123
8.914067268371582
9.83347225189209
8.054402351379395
6.211658000946045
8.320037841796875
8.00341510772705
9.842473983764648
7.335281848907471
9.554952621459961
6.450159549713135
8.089902877807617
7.736337184906006
8.185608863830566
10.104174613952637
8.65992546081543
8.914017677307129
8.94293212890625
9.135968208312988
10.108111381530762
9.045254707336426
8.704191207885742
7.888111591339111
6.853623390197754
8.00432300567627
8.655841827392578
8.786676406860352
6.935788631439209
8.160781860351562
9.473063468933105
9.599874496459961
9.226341247558594
8.659158706665039
9.431465148925781
8.264575004577637
7.972343921661377
10.187357902526855
8.318285942077637
7.158740520477295
7.868216514587402
8.124092102050781
9.114262580871582
9.405673027038574
9.364112854003906
8.22523021697998
6.940139293670654
9.108796119689941
8.694059371948242
10.045267105102539
7.770405292510986
9.111114501953125
10.466825485229492
9.571303367614746
6.2991108894348145
9.717487335205078
9.295610427856445
9.112865447998047
7.502602577209473
6.9607415199279785
8.942304611206055
9.23603343963623
9.508819580078125
10.018468856811523
9.375213623046875
9.727057456970215
8.725502014160156
9.222174644470215
8.651758193969727
9.750709533691406
8.898252487182617
7.419573783874512
9.874098777770996
9.19347095489502
