4.225039958953857
5.565823078155518
5.182528495788574
6.002955436706543
4.454224109649658
4.736795425415039
3.841078281402588
4.125118732452393
3.9961092472076416
4.787161827087402
3.779385566711426
6.115495681762695
6.9592604637146
2.7170186042785645
2.5344321727752686
6.255646228790283
4.080811977386475
3.7702980041503906
5.260112762451172
3.722935438156128
3.726984977722168
5.787979602813721
4.600653648376465
2.999228000640869
3.898148775100708
4.159463882446289
5.022482395172119
3.8985588550567627
3.275679111480713
3.8646538257598877
4.641729354858398
4.622319221496582
3.845874071121216
5.644355773925781
5.572370529174805
3.3405773639678955
4.186359882354736
3.4942526817321777
4.968083381652832
5.292927265167236
3.7876791954040527
3.761930465698242
4.595342636108398
5.703010082244873
4.3515625
6.001441478729248
3.68990159034729
5.2054338455200195
6.265133380889893
5.18250036239624
4.881054878234863
4.2974419593811035
4.597574234008789
5.588089942932129
5.350222110748291
4.0547685623168945
2.4792988300323486
4.76857328414917
4.941030979156494
4.851837635040283
4.0972371101379395
5.251145362854004
5.005906581878662
7.639302730560303
4.205432415008545
5.335488319396973
4.778489589691162
4.501035213470459
5.344000816345215
5.445022106170654
3.4922916889190674
3.5360147953033447
3.341531991958618
3.9726481437683105
5.366857051849365
6.030636310577393
5.398799896240234
3.778507947921753
4.316885471343994
4.162319660186768
4.701436519622803
5.170412063598633
3.623134136199951
3.772021532058716
4.879685401916504
4.229574203491211
5.18893575668335
5.3700456619262695
4.287173271179199
5.402230262756348
2.508066177368164
4.35677433013916
5.109302997589111
3.4045932292938232
5.444262504577637
4.226210594177246
3.8069651126861572
3.515022039413452
3.4683003425598145
4.761152267456055
4.682182312011719
4.824941635131836
4.139037609100342
4.3620076179504395
4.047407150268555
4.031631946563721
3.73846435546875
3.708320379257202
6.666346549987793
2.958103656768799
3.0857632160186768
5.275974750518799
3.9710278511047363
5.173086643218994
2.4101486206054688
4.06360387802124
4.975768566131592
4.255218029022217
3.413999557495117
5.030555725097656
4.172761917114258
2.3888754844665527
4.4470696449279785
4.45087194442749
5.748558044433594
4.263784408569336
3.2632222175598145
3.838656425476074
5.535827159881592
4.691115856170654
4.833293437957764
4.751584053039551
2.979139804840088
4.7979817390441895
2.792039632797241
4.738485813140869
5.176786422729492
5.256125450134277
4.291500091552734
5.751725673675537
4.191135406494141
2.979299306869507
6.17686128616333
3.5956974029541016
5.116440773010254
3.6219406127929688
5.1918439865112305
4.702795028686523
6.103330135345459
3.8567652702331543
4.503347396850586
3.0234785079956055
3.3864824771881104
4.29514741897583
4.100266933441162
4.207549571990967
4.5915021896362305
4.4373674392700195
2.992358922958374
2.3555245399475098
3.963754892349243
4.259299278259277
4.552286148071289
3.5957226753234863
3.9446606636047363
4.736579895019531
5.775084972381592
4.827888488769531
4.963901519775391
3.5046143531799316
4.241333484649658
3.3371880054473877
2.23518443107605
4.348668098449707
1.563433051109314
1.8394702672958374
3.330939292907715
4.534015655517578
3.0507659912109375
4.595326900482178
4.629911422729492
4.634961128234863
4.250771999359131
3.5477473735809326
4.2911882400512695
4.380684852600098
3.9228625297546387
3.7090983390808105
4.894618034362793
5.007389068603516
4.485795497894287
8.303306579589844
5.443597316741943
3.3850574493408203
4.760683059692383
4.479043006896973
4.022013187408447
4.362189292907715
4.1639251708984375
3.4245312213897705
4.511269569396973
5.734537124633789
5.291449069976807
5.5612101554870605
6.084475040435791
3.0447909832000732
4.839983940124512
5.206342697143555
4.028395175933838
4.353048801422119
3.5127670764923096
5.001716613769531
4.658486366271973
4.689563274383545
4.809023380279541
3.1595795154571533
5.386371612548828
5.575028419494629
5.787418365478516
5.249283790588379
4.627566814422607
3.627488613128662
3.1439950466156006
6.231456279754639
5.583540916442871
3.944847822189331
4.1321539878845215
5.116790294647217
4.921958923339844
5.053835391998291
5.5400309562683105
4.9751081466674805
3.4123425483703613
4.750973224639893
1.9614754915237427
3.7827796936035156
4.546771049499512
6.741601943969727
4.525139808654785
3.9328958988189697
4.771482944488525
4.967606544494629
3.1472535133361816
4.8779425621032715
4.100388050079346
3.5674989223480225
5.105928897857666
4.829586029052734
3.6564910411834717
3.399060010910034
4.095253944396973
3.8277552127838135
3.5477442741394043
4.219245910644531
5.205928802490234
5.068521499633789
3.2748637199401855
3.224090576171875
5.462736129760742
5.660904884338379
5.28620719909668
4.196722030639648
4.582397937774658
3.7816271781921387
4.568777084350586
6.139983654022217
4.050148963928223
6.2940874099731445
3.597541093826294
2.4298295974731445
4.681412696838379
2.998307466506958
5.184469699859619
4.039656162261963
3.911595582962036
4.7261962890625
4.400562286376953
4.594161033630371
5.3128156661987305
3.823685884475708
4.807373046875
4.965185642242432
3.962758779525757
5.008397102355957
4.810271739959717
3.6118524074554443
2.8877146244049072
6.020805835723877
3.8970491886138916
3.925288200378418
4.465755939483643
0.8680111169815063
3.250520944595337
4.229416847229004
4.6726508140563965
5.3409104347229
4.616962909698486
2.790239095687866
3.74131441116333
5.293453693389893
4.6408586502075195
3.9945993423461914
7.102130889892578
4.63234281539917
4.934737205505371
2.932084560394287
3.954385757446289
4.196266174316406
5.099895000457764
5.6659464836120605
3.449819803237915
5.001404285430908
4.801803112030029
3.874189853668213
5.008195877075195
4.157136917114258
5.460080623626709
4.051236629486084
3.8916895389556885
4.963193893432617
6.209743976593018
4.550032138824463
5.519364833831787
3.2551629543304443
3.9671669006347656
2.5952160358428955
2.5666799545288086
3.307406425476074
3.8821053504943848
4.662830352783203
5.493504524230957
3.6948838233947754
5.744168758392334
4.3574981689453125
4.136646270751953
3.7707748413085938
4.140847206115723
5.736562728881836
5.359522342681885
4.868260383605957
4.1481428146362305
5.295922756195068
5.731902122497559
5.415322303771973
3.8990800380706787
5.084678649902344
5.333556652069092
4.238308906555176
5.149421691894531
4.377679824829102
4.9609198570251465
3.7708520889282227
2.1603567600250244
3.779366970062256
5.915033340454102
3.769496440887451
4.378788471221924
5.555346965789795
3.361961841583252
4.254641532897949
4.023436546325684
3.973389148712158
4.782486915588379
3.8965718746185303
5.348501682281494
5.592417240142822
4.7594780921936035
3.544645309448242
5.037806034088135
3.733027458190918
3.017530918121338
4.455686569213867
4.559173107147217
5.689403533935547
3.316922664642334
3.4680795669555664
4.066530227661133
3.917875289916992
4.769808292388916
4.921163082122803
2.60329008102417
3.267380475997925
4.991518974304199
3.6370530128479004
3.217782497406006
5.242176055908203
4.784317970275879
5.986820220947266
2.837956190109253
3.7161614894866943
6.509561538696289
4.364569187164307
4.399048328399658
5.92563533782959
3.454893112182617
5.095553398132324
4.579820156097412
3.090338945388794
4.044229507446289
1.4406688213348389
3.9463343620300293
3.338083505630493
4.050370693206787
2.0494627952575684
3.586561679840088
4.683846950531006
4.559995174407959
3.6569809913635254
4.624438762664795
3.781059980392456
3.129830837249756
4.735993385314941
7.215384483337402
4.534358978271484
3.1195712089538574
3.874844551086426
3.9687249660491943
4.777862071990967
5.588123321533203
2.6359822750091553
2.32224178314209
4.740024089813232
3.1501476764678955
5.180371284484863
3.4288063049316406
3.182614326477051
4.532378196716309
5.206511974334717
2.5215539932250977
4.002039432525635
5.228282928466797
5.00095796585083
5.363806247711182
6.103691577911377
5.590978145599365
3.2466461658477783
5.105589389801025
3.6993114948272705
4.453408241271973
3.609102964401245
3.679478406906128
4.916638374328613
3.3130903244018555
3.9736320972442627
4.866072654724121
4.818888187408447
4.920110702514648
4.677960395812988
4.2032084465026855
6.470026969909668
3.044574499130249
3.3575520515441895
4.637536525726318
6.702650547027588
5.035223960876465
3.447396755218506
3.342667818069458
6.072254657745361
4.816967010498047
5.519156455993652
3.5531795024871826
5.813889503479004
4.832759380340576
5.310022830963135
3.97910737991333
3.904864549636841
3.1127898693084717
4.498501300811768
2.714061737060547
5.4530348777771
5.852086544036865
5.130321502685547
4.551830291748047
4.48744010925293
2.568462371826172
4.356379508972168
5.689822673797607
5.31241512298584
4.400048732757568
4.882632732391357
3.946748971939087
4.7006988525390625
4.610940456390381
5.923064231872559
3.7407748699188232
2.286231279373169
4.486730098724365
4.184774875640869
3.52484130859375
4.488296031951904
3.698513984680176
4.240194797515869
5.402521133422852
5.146254062652588
4.214914798736572
4.839649677276611
5.252882480621338
4.793648719787598
4.9258527755737305
4.699975490570068
