4.603222846984863
5.023347854614258
4.57832670211792
6.338076591491699
4.451491355895996
4.649560451507568
4.370686054229736
4.209380149841309
4.271308898925781
4.245080471038818
4.4088134765625
5.86896276473999
6.701104164123535
2.966853618621826
2.5020833015441895
5.9728569984436035
3.5989534854888916
3.748542547225952
4.798515319824219
3.6529247760772705
3.7261385917663574
5.573243141174316
4.53497838973999
3.3700191974639893
3.800736665725708
4.296624660491943
4.772421360015869
4.308603763580322
3.4155802726745605
4.084392070770264
4.1331682205200195
5.232696533203125
4.10323429107666
5.409297943115234
5.9709906578063965
3.4172863960266113
4.653061389923096
4.054422378540039
4.751225471496582
4.5427093505859375
3.81170654296875
3.877354383468628
4.805438041687012
5.82796573638916
4.396651744842529
5.3400139808654785
3.959733486175537
5.403238773345947
5.957032203674316
4.469118595123291
5.335033416748047
3.377742290496826
3.584030866622925
5.323799133300781
5.79831600189209
3.9523355960845947
2.6503312587738037
4.7512617111206055
4.479913234710693
4.761313438415527
4.17183256149292
4.512242794036865
4.408352375030518
7.093687534332275
4.168686866760254
5.52423620223999
5.1907830238342285
4.756838321685791
5.411529541015625
5.280281066894531
2.824068784713745
3.736659526824951
3.4484074115753174
4.046760082244873
5.2998366355896
5.411865234375
5.574309825897217
3.834531307220459
4.326145172119141
4.195583343505859
4.588008880615234
5.288329601287842
3.4657368659973145
3.8792850971221924
4.488700866699219
4.6107587814331055
5.5972466468811035
5.123011112213135
3.9082846641540527
5.350128650665283
2.6071248054504395
3.9890716075897217
5.011770248413086
3.392301559448242
4.235340595245361
4.239196300506592
4.028462886810303
3.132371425628662
3.508737087249756
5.347039699554443
4.140760898590088
4.047195911407471
3.780136823654175
4.570091247558594
4.723751544952393
4.087018013000488
3.342181921005249
3.4496142864227295
6.919106483459473
3.0997796058654785
3.012997627258301
5.4255218505859375
3.80631685256958
4.801958084106445
2.685051441192627
4.149354934692383
5.619662284851074
4.468282699584961
3.6066577434539795
5.188549041748047
3.904737949371338
2.8048572540283203
4.472233295440674
4.3402605056762695
5.876099586486816
4.382002353668213
2.935279607772827
3.8200740814208984
5.4030561447143555
4.428732395172119
5.0732221603393555
4.085974216461182
3.141321897506714
4.601038455963135
1.9177640676498413
5.056290626525879
5.822904586791992
5.750695705413818
4.159780502319336
5.308216094970703
4.591972827911377
3.572431802749634
6.0184478759765625
3.352670907974243
5.304708480834961
3.027949810028076
5.5797624588012695
4.813757419586182
6.0804314613342285
3.0197601318359375
4.853482246398926
3.1615190505981445
3.5407795906066895
4.608116149902344
4.32296895980835
4.283050060272217
4.076817989349365
4.175257682800293
3.432662010192871
2.5283310413360596
4.092191696166992
4.1700239181518555
3.8703768253326416
3.9174654483795166
3.679365396499634
3.3846585750579834
5.725931167602539
4.4770941734313965
4.724125862121582
3.624419927597046
4.281167507171631
3.340965747833252
2.0672125816345215
5.052404403686523
1.7593334913253784
2.1676266193389893
3.0976014137268066
4.543859481811523
3.275841474533081
3.575326442718506
4.760692119598389
4.967820167541504
3.8990159034729004
3.5655481815338135
4.07661771774292
4.122499465942383
4.158836364746094
3.793156862258911
4.962719917297363
4.875617027282715
4.5966057777404785
7.933509349822998
5.003442287445068
3.5248918533325195
3.7309420108795166
3.7459115982055664
4.337939739227295
4.312807083129883
4.5314130783081055
3.2619247436523438
4.362136363983154
5.234090328216553
5.793999195098877
5.237221717834473
5.1261396408081055
2.829883337020874
4.956342697143555
5.034564018249512
4.0468549728393555
4.279880523681641
3.082631826400757
5.2438883781433105
4.484689235687256
4.996189117431641
5.078470230102539
3.359409809112549
5.550271987915039
5.249312877655029
5.6569647789001465
4.839420795440674
4.791321754455566
3.300431728363037
2.992913007736206
6.269654750823975
5.19535493850708
3.9705584049224854
4.285998821258545
5.051156520843506
4.839590072631836
4.6579484939575195
5.494081974029541
4.868982315063477
3.764742612838745
4.625569820404053
1.311806082725525
3.8504440784454346
5.089131832122803
5.539983749389648
4.655029296875
4.941743850708008
5.112175464630127
4.932018280029297
3.4485678672790527
5.177109718322754
4.586832046508789
3.863715171813965
5.236580848693848
5.153814792633057
3.5199501514434814
3.6504876613616943
4.264588356018066
4.016909122467041
3.9259843826293945
4.040456295013428
5.658468246459961
5.510028839111328
3.2183659076690674
2.9540915489196777
5.875646114349365
5.835410118103027
4.937562942504883
4.198963642120361
4.297855854034424
3.593485116958618
4.400261878967285
6.873454570770264
3.5894739627838135
5.621403217315674
4.057718276977539
2.834306240081787
4.308267116546631
3.3898632526397705
5.101635932922363
4.075430393218994
3.8176913261413574
4.653712749481201
4.588244438171387
4.6108503341674805
5.028710842132568
3.687635660171509
5.213974475860596
5.1555705070495605
3.831052303314209
4.747103214263916
4.904312610626221
3.4263949394226074
2.610182523727417
5.03804349899292
3.433417320251465
4.26534366607666
4.880061149597168
0.4294833838939667
3.410454750061035
4.090544700622559
4.776015281677246
4.831070423126221
4.719846248626709
2.6750431060791016
3.6650326251983643
5.371140480041504
5.1874895095825195
4.192255020141602
7.622877597808838
3.9540328979492188
4.912741184234619
3.157881021499634
3.665729284286499
4.448582649230957
4.828454494476318
5.844086647033691
3.9207923412323
4.361001491546631
5.155019283294678
3.56270432472229
5.256226539611816
4.595843315124512
5.74393367767334
3.718834638595581
3.3613884449005127
5.161615371704102
6.31809663772583
4.381313800811768
6.276005268096924
3.373568296432495
3.922135591506958
2.4865896701812744
2.713456153869629
2.987663984298706
3.801034450531006
4.625111103057861
6.016940116882324
3.378105878829956
4.583956718444824
4.137723922729492
3.711710214614868
3.5280420780181885
4.049660682678223
5.625983238220215
4.778127670288086
4.712440490722656
4.134532451629639
5.2654829025268555
5.769832611083984
6.405502796173096
3.8018319606781006
5.618526935577393
5.325117111206055
4.288064002990723
4.633679389953613
3.9576971530914307
5.319721698760986
3.7009317874908447
2.1114420890808105
3.651604413986206
5.702705383300781
4.404895305633545
4.483950614929199
5.273300647735596
2.919175386428833
4.358981609344482
3.8424434661865234
3.630523443222046
4.904551029205322
4.390705585479736
4.8385329246521
5.077003479003906
4.769765853881836
2.941843032836914
4.707755088806152
3.9088966846466064
2.7818603515625
4.465055465698242
4.878660202026367
6.018470287322998
3.5022127628326416
4.3508687019348145
4.03182315826416
4.173336982727051
5.141922473907471
5.445852279663086
2.2599096298217773
2.834298610687256
5.0797600746154785
3.148524045944214
3.649122476577759
4.9361371994018555
4.62143087387085
6.806238174438477
2.519688844680786
3.777900457382202
6.283892631530762
4.705105304718018
4.0759735107421875
5.5247883796691895
3.0086669921875
4.951716423034668
4.974788665771484
3.465040445327759
4.065605640411377
1.4066944122314453
4.1776885986328125
3.625572919845581
4.220945835113525
1.9189140796661377
3.5686898231506348
4.499994277954102
4.328301906585693
3.984482526779175
4.489468097686768
3.6751644611358643
2.930457830429077
5.135477066040039
7.079585075378418
4.921581268310547
3.0770256519317627
2.9769551753997803
4.193451404571533
4.9589033126831055
5.702113628387451
2.6182844638824463
2.307082176208496
4.296831130981445
3.465721845626831
4.7910566329956055
3.2177445888519287
3.51483154296875
4.759976387023926
5.279252052307129
2.2902004718780518
3.8839213848114014
5.449846267700195
4.5612077713012695
5.47962760925293
5.9089837074279785
5.4648847579956055
3.2727906703948975
5.091453552246094
3.6920065879821777
4.5338544845581055
4.132956027984619
3.9436328411102295
4.953920841217041
3.241607666015625
4.241081714630127
4.4511799812316895
5.079334735870361
5.0606513023376465
4.236827850341797
3.9809978008270264
5.636746883392334
3.3917489051818848
2.936572313308716
4.928708553314209
6.463743686676025
5.002490520477295
3.1119961738586426
4.006285667419434
5.637996196746826
5.176214218139648
4.976686954498291
3.7016000747680664
5.712643623352051
4.611795425415039
4.525475978851318
3.6695313453674316
3.9734041690826416
3.1688287258148193
4.629647731781006
2.8391382694244385
5.570766448974609
4.763171672821045
5.403031349182129
4.510849475860596
4.781374454498291
1.591890811920166
4.744051456451416
5.598426342010498
4.769984722137451
4.787707805633545
4.599142551422119
3.990079879760742
4.940891265869141
4.418464660644531
6.595117568969727
3.844017505645752
2.2106730937957764
4.6909708976745605
4.428059101104736
3.307979106903076
4.069323539733887
3.4896652698516846
4.454461097717285
5.583229064941406
5.176419258117676
4.221390724182129
4.78756046295166
5.192834377288818
4.804935932159424
4.502581596374512
4.831628799438477
