1.037013053894043
1.7040159702301025
0.4591294825077057
0.49708059430122375
0.7713794112205505
1.7699031829833984
1.136592984199524
1.5164079666137695
0.09804998338222504
1.8120441436767578
0.6022164821624756
1.1301956176757812
0.9441083073616028
0.4677286446094513
0.9501442909240723
1.4315786361694336
1.9261316061019897
1.443905234336853
0.766254723072052
0.6891162395477295
1.0865851640701294
0.8407133221626282
0.4620873034000397
1.253343105316162
0.745913565158844
1.2176692485809326
1.3227086067199707
0.7451685667037964
1.1350435018539429
1.027360200881958
1.3721282482147217
1.3020073175430298
0.6021965742111206
1.0681060552597046
1.0933526754379272
0.5781104564666748
0.44899821281433105
0.2284134030342102
1.0843312740325928
0.7514969110488892
0.7334998250007629
1.2218828201293945
1.574992060661316
0.8392093777656555
0.40164241194725037
0.8731945753097534
1.213154911994934
1.156042456626892
1.1578304767608643
1.440329670906067
1.4703584909439087
1.3005845546722412
1.0721486806869507
0.19318202137947083
0.9566693305969238
1.3953049182891846
1.3514916896820068
2.321023464202881
0.443059504032135
1.1456586122512817
1.3255959749221802
1.1625620126724243
0.42028388381004333
1.4806928634643555
0.7365875840187073
0.6425508260726929
0.8104067444801331
1.4589077234268188
1.2262744903564453
0.7801003456115723
2.437634229660034
1.0387015342712402
3.0020322799682617
0.6506510376930237
1.9731773138046265
1.0484106540679932
0.4749855697154999
0.3943071961402893
0.6728381514549255
0.7585723400115967
1.1502797603607178
1.3054533004760742
0.987192690372467
1.2299695014953613
1.1017708778381348
-0.012213670648634434
0.25274935364723206
0.42443105578422546
0.29656845331192017
0.7257675528526306
0.8989152312278748
1.3414238691329956
0.7361429929733276
0.7429908514022827
1.0606164932250977
1.0976064205169678
1.404544711112976
1.0498703718185425
1.6668990850448608
0.9185131192207336
0.7105532288551331
1.223638653755188
2.332195520401001
0.35979869961738586
0.5013731718063354
1.4474917650222778
1.4623138904571533
0.8477068543434143
2.136664628982544
0.806516706943512
1.9532873630523682
0.7499192953109741
0.8934028148651123
0.83791583776474
1.106955647468567
0.32444220781326294
0.9043858051300049
0.3690802752971649
1.0154038667678833
0.50856614112854
1.4096063375473022
0.6370901465415955
1.304547905921936
1.3544164896011353
1.7495081424713135
