0.8650241494178772
0.4116244614124298
1.2524847984313965
0.590929388999939
0.33626100420951843
1.1400161981582642
0.5583365559577942
1.2721813917160034
1.1530810594558716
1.4217160940170288
2.6290626525878906
1.5935734510421753
0.4127466678619385
1.6986991167068481
1.2434101104736328
2.066147804260254
2.3337619304656982
1.4379832744598389
0.9154230952262878
1.5405969619750977
0.6912728548049927
0.1946413666009903
1.7093191146850586
0.9065662026405334
1.6567299365997314
1.9398796558380127
2.0473074913024902
1.5303715467453003
0.9198638200759888
0.83514803647995
1.1293034553527832
1.061893105506897
1.2345272302627563
1.601374864578247
1.1580129861831665
0.15547576546669006
1.7133541107177734
0.9503769278526306
0.5721853971481323
0.735967218875885
1.8819881677627563
1.7255444526672363
0.6382683515548706
0.8154627680778503
1.8591935634613037
1.7684472799301147
0.6370082497596741
1.9861434698104858
1.7331026792526245
1.4798284769058228
1.1199090480804443
2.0350472927093506
0.8745011687278748
2.2723071575164795
0.6797895431518555
1.0616214275360107
1.5595815181732178
0.6888734102249146
0.8403977751731873
1.0946002006530762
1.8381905555725098
3.0408475399017334
0.7878589034080505
1.1522890329360962
1.5253336429595947
0.5449633002281189
1.0107206106185913
0.027335187420248985
1.0050978660583496
1.4600564241409302
1.7473152875900269
3.2199060916900635
1.73211669921875
2.0077645778656006
1.381972074508667
1.2987782955169678
1.0327839851379395
1.2698602676391602
1.608170986175537
2.5224924087524414
0.43586936593055725
1.0589892864227295
1.1777067184448242
1.5149965286254883
1.7615076303482056
3.196906089782715
1.063364863395691
1.1191065311431885
0.36285051703453064
1.2978861331939697
1.4049632549285889
1.2538546323776245
1.0305595397949219
1.8453056812286377
1.1400258541107178
1.052316665649414
1.9166011810302734
0.537009596824646
2.3703410625457764
1.165106177330017
1.3045979738235474
1.2963629961013794
0.750423014163971
1.206719160079956
0.5413557291030884
1.3470077514648438
0.9735388159751892
1.6645385026931763
1.8299829959869385
1.6742322444915771
2.2548344135284424
1.7309794425964355
0.5294937491416931
1.8535120487213135
1.824103593826294
0.4403149485588074
2.035430669784546
0.8277223706245422
0.8445166945457458
1.6750478744506836
0.29920271039009094
2.0049102306365967
0.5583186149597168
1.6761730909347534
2.3252193927764893
