9.24051570892334
8.650622367858887
8.681283950805664
8.860738754272461
7.869619369506836
9.414982795715332
9.257137298583984
9.260663032531738
9.421091079711914
9.10672664642334
7.706346035003662
10.052836418151855
6.9246907234191895
7.199465274810791
9.154356956481934
10.798300743103027
8.569994926452637
6.438992500305176
8.457468032836914
8.61275863647461
11.221639633178711
10.177536964416504
9.905534744262695
7.9531569480896
10.036433219909668
9.101544380187988
7.890260696411133
7.5684814453125
8.319494247436523
9.97348690032959
7.097856521606445
8.783278465270996
9.653016090393066
5.289648532867432
9.747435569763184
8.441389083862305
8.506928443908691
7.3094353675842285
10.0313138961792
9.809774398803711
9.451786041259766
9.64944076538086
9.380477905273438
9.020241737365723
8.948561668395996
8.019247055053711
8.619264602661133
6.8950700759887695
8.81253719329834
8.946052551269531
8.362200736999512
7.5182390213012695
7.970714092254639
9.588916778564453
6.88434362411499
7.649155616760254
6.846468448638916
10.208146095275879
10.292893409729004
9.400776863098145
9.349616050720215
7.799921989440918
9.006376266479492
8.28464412689209
9.329751014709473
9.303750038146973
8.98294734954834
8.797526359558105
9.589437484741211
7.535031318664551
9.908607482910156
10.432602882385254
9.670763969421387
7.698361396789551
8.053491592407227
9.382498741149902
8.662407875061035
10.610093116760254
7.850197792053223
10.009897232055664
8.080551147460938
9.308524131774902
9.164240837097168
8.987536430358887
8.824027061462402
8.088336944580078
7.828895092010498
8.742438316345215
9.444778442382812
7.589992046356201
10.136077880859375
8.302889823913574
9.110547065734863
9.923768043518066
8.940887451171875
7.619553565979004
8.69327449798584
10.159987449645996
9.358763694763184
7.495633125305176
9.141006469726562
9.49161434173584
10.147866249084473
8.3836088180542
8.039036750793457
7.342255115509033
9.048382759094238
8.033915519714355
9.799677848815918
8.172209739685059
9.057204246520996
9.172334671020508
9.348043441772461
8.088516235351562
9.48258113861084
7.8160295486450195
8.287249565124512
9.753069877624512
10.054821968078613
8.60183334350586
9.090170860290527
5.661149978637695
8.79079818725586
8.293932914733887
9.527548789978027
8.547791481018066
9.93209171295166
8.747889518737793
10.201227188110352
9.311074256896973
9.666961669921875
9.122956275939941
8.57594108581543
5.987457752227783
8.601644515991211
6.1789703369140625
9.193124771118164
9.151254653930664
7.698302745819092
10.110909461975098
9.800106048583984
8.428216934204102
9.106934547424316
9.897290229797363
8.067706108093262
8.445577621459961
7.672654628753662
8.956707000732422
8.897867202758789
9.7318754196167
9.071859359741211
8.996524810791016
8.666779518127441
8.682524681091309
9.995646476745605
8.058523178100586
9.708521842956543
7.653491497039795
10.128227233886719
7.2904052734375
8.754560470581055
8.6627836227417
9.782817840576172
8.987737655639648
9.585041046142578
8.731453895568848
9.58840560913086
10.33381462097168
9.589700698852539
8.91637134552002
8.788564682006836
9.035892486572266
9.626558303833008
9.239660263061523
9.319106101989746
9.696883201599121
9.747069358825684
9.32834529876709
8.54696273803711
10.244425773620605
9.638510704040527
9.47808837890625
9.216517448425293
8.687936782836914
8.95972728729248
10.073668479919434
10.035659790039062
9.808075904846191
8.77475643157959
10.345935821533203
10.359253883361816
9.802947998046875
9.015523910522461
9.607338905334473
9.906097412109375
8.336019515991211
8.65997314453125
9.265067100524902
9.322747230529785
7.0081610679626465
9.413286209106445
9.6760892868042
8.027219772338867
10.899868965148926
8.93680191040039
9.086160659790039
9.289969444274902
7.675520896911621
8.594342231750488
7.645144939422607
10.329401016235352
8.703787803649902
8.3155517578125
10.770023345947266
8.955953598022461
9.66261100769043
10.55576229095459
9.322157859802246
10.127272605895996
8.739530563354492
8.322964668273926
8.539456367492676
8.7953519821167
10.223876953125
9.533184051513672
9.261541366577148
6.769336223602295
7.804573059082031
7.731808662414551
9.388798713684082
9.589330673217773
9.377849578857422
10.263030052185059
9.734312057495117
9.48569393157959
9.919832229614258
10.433955192565918
10.328117370605469
8.638740539550781
8.96341609954834
9.21161937713623
10.397848129272461
7.763548374176025
10.054396629333496
7.4156270027160645
7.851150989532471
6.502804756164551
9.297616958618164
10.137944221496582
8.730730056762695
7.909005641937256
8.393553733825684
10.326372146606445
9.820935249328613
8.50606632232666
10.587323188781738
6.535229206085205
8.26923656463623
9.195704460144043
9.40780258178711
7.9435133934021
8.437883377075195
8.474864959716797
9.135661125183105
9.958579063415527
7.9381184577941895
8.479949951171875
8.81345272064209
9.559107780456543
10.881754875183105
8.952996253967285
9.018126487731934
7.236085891723633
8.726698875427246
10.247321128845215
8.427481651306152
6.492412567138672
10.431497573852539
10.078805923461914
9.588828086853027
8.271697044372559
8.273569107055664
5.841772556304932
8.29855728149414
9.24499797821045
9.158465385437012
7.560014724731445
9.031806945800781
8.553118705749512
10.567123413085938
7.738544940948486
10.746780395507812
9.659295082092285
9.09666919708252
8.869665145874023
9.223857879638672
7.582781791687012
9.246685981750488
10.035935401916504
8.46671199798584
9.362500190734863
8.688497543334961
9.430290222167969
7.651691436767578
10.450895309448242
7.957921504974365
9.808553695678711
6.068171501159668
8.95695686340332
10.578617095947266
7.816131591796875
9.069101333618164
8.543084144592285
8.383127212524414
8.0149564743042
9.420367240905762
7.905137062072754
9.386261940002441
6.459328651428223
9.474942207336426
8.370116233825684
8.960566520690918
9.346823692321777
8.542712211608887
8.860031127929688
9.16739559173584
10.058302879333496
7.741687774658203
9.662941932678223
10.152386665344238
9.566308975219727
8.169498443603516
9.373849868774414
8.559625625610352
7.7230224609375
8.09109115600586
7.9354071617126465
9.62119197845459
9.21684455871582
10.557546615600586
9.829466819763184
9.31164264678955
9.053190231323242
10.434941291809082
9.041719436645508
9.787806510925293
8.173194885253906
9.738447189331055
9.334417343139648
9.966076850891113
7.810166358947754
9.310284614562988
9.170361518859863
8.536309242248535
7.986120700836182
8.24674129486084
9.71595573425293
8.701797485351562
9.380352973937988
8.934035301208496
9.304348945617676
10.102721214294434
7.84351921081543
9.184051513671875
9.727189064025879
9.791242599487305
8.64128303527832
9.05247688293457
6.2001237869262695
10.001565933227539
9.671932220458984
9.858994483947754
8.650497436523438
9.334736824035645
9.642599105834961
9.615114212036133
9.475815773010254
8.822539329528809
7.4028143882751465
8.969887733459473
9.07876968383789
9.428406715393066
8.384675025939941
8.027000427246094
9.23947525024414
8.50493049621582
9.792475700378418
9.38798999786377
8.92768383026123
9.472064018249512
9.932247161865234
8.83350944519043
7.974870204925537
9.965202331542969
9.62508773803711
5.414506435394287
10.329833030700684
8.891240119934082
3.5771985054016113
8.589996337890625
8.212749481201172
8.911125183105469
9.742009162902832
6.984930038452148
8.935176849365234
9.76089096069336
9.708548545837402
8.884490966796875
7.626367568969727
10.147658348083496
7.507786750793457
7.710753917694092
8.683279991149902
8.867431640625
8.14786434173584
8.776612281799316
10.747671127319336
10.557868957519531
5.265060901641846
8.992846488952637
9.928720474243164
9.628105163574219
9.583203315734863
8.882539749145508
9.843035697937012
6.578022003173828
6.926671028137207
9.019845962524414
10.139336585998535
9.953518867492676
8.311179161071777
9.111166000366211
9.61727237701416
7.86314058303833
9.557190895080566
8.692473411560059
9.180488586425781
7.558300971984863
10.13408088684082
8.585469245910645
8.903213500976562
9.635407447814941
8.745786666870117
10.227642059326172
5.76082706451416
10.492464065551758
9.169570922851562
9.824737548828125
9.782892227172852
7.605213165283203
9.37024974822998
10.397562980651855
10.030505180358887
9.734369277954102
7.165099620819092
9.074743270874023
11.012578010559082
8.317185401916504
7.895014762878418
8.773262023925781
8.715295791625977
8.203561782836914
9.421168327331543
8.512747764587402
9.389314651489258
9.714004516601562
8.796392440795898
8.565536499023438
9.568807601928711
9.608854293823242
9.87529468536377
9.33452320098877
9.207806587219238
8.4151611328125
9.43449592590332
9.213311195373535
9.61281967163086
9.386523246765137
6.752644062042236
8.269168853759766
9.689019203186035
9.945036888122559
8.859884262084961
8.80332088470459
8.249321937561035
8.952288627624512
8.655119895935059
7.607764720916748
6.8639373779296875
8.96363639831543
8.52738094329834
9.951512336730957
9.963468551635742
7.466320037841797
8.257599830627441
8.773276329040527
8.378201484680176
9.149576187133789
8.925068855285645
9.469833374023438
