4.695220470428467
3.9644503593444824
4.363607883453369
4.025293827056885
3.268570899963379
4.009786128997803
3.7864608764648438
3.7457752227783203
4.005875587463379
5.855717182159424
3.281351089477539
4.415460109710693
3.2136764526367188
4.793500900268555
2.5286641120910645
3.252808094024658
2.2797605991363525
3.301163911819458
3.9737024307250977
3.270249128341675
4.033506870269775
4.281504154205322
5.011155128479004
3.043215274810791
3.507108211517334
3.638047456741333
4.322049140930176
2.4209649562835693
2.2118401527404785
2.1444222927093506
3.536993980407715
2.6193737983703613
4.493982315063477
4.763587951660156
4.121708869934082
5.117436408996582
4.3077802658081055
3.1382055282592773
3.712775945663452
3.7087228298187256
3.92889666557312
3.733813524246216
3.208139419555664
4.010056018829346
4.48991584777832
2.3502824306488037
4.290322303771973
3.4942424297332764
3.3932361602783203
3.7825121879577637
3.56878662109375
1.9332125186920166
2.446690320968628
4.936334609985352
3.8092217445373535
4.756547927856445
2.7561891078948975
2.843308687210083
4.65175199508667
3.036489725112915
3.9975147247314453
3.0278055667877197
3.308741807937622
2.1161067485809326
4.481447219848633
4.5705718994140625
4.819302558898926
6.4634552001953125
3.2474608421325684
5.639121055603027
4.874872207641602
3.3529350757598877
4.230982303619385
6.040205001831055
3.366403818130493
1.471215009689331
3.964944839477539
3.9830377101898193
3.1121912002563477
3.5951898097991943
4.398163318634033
4.212796211242676
3.2321877479553223
4.022483825683594
5.348751544952393
2.7664129734039307
3.553792715072632
3.1129274368286133
3.195941686630249
5.3386149406433105
3.9664881229400635
2.467590093612671
3.255939245223999
4.363078594207764
3.210524320602417
3.373753547668457
3.90537166595459
4.259410858154297
4.817667007446289
4.83935546875
3.817084312438965
4.354494571685791
2.7620785236358643
1.8548301458358765
2.2912185192108154
4.6677327156066895
3.4302589893341064
3.206106662750244
3.552598476409912
2.804974317550659
3.523995876312256
3.616941452026367
6.033573150634766
2.7528984546661377
3.456636667251587
3.3493335247039795
0.6590466499328613
2.8011443614959717
4.257479667663574
3.117253541946411
3.682563543319702
3.4375858306884766
2.889035701751709
4.2560248374938965
3.8880937099456787
3.920365571975708
2.9678993225097656
4.547001361846924
3.7283220291137695
3.381889820098877
4.730664253234863
4.169447422027588
4.6359171867370605
1.557624340057373
1.5662564039230347
1.9452625513076782
3.5126519203186035
4.956034183502197
2.549651861190796
2.463841199874878
3.2572481632232666
4.453568458557129
3.2317938804626465
2.578453540802002
3.9010262489318848
5.98311185836792
2.853415012359619
2.910507917404175
3.7169809341430664
4.70750093460083
3.524160623550415
4.644497871398926
5.509603023529053
2.060698986053467
4.467550754547119
3.5939738750457764
3.74149751663208
3.299435615539551
2.8130602836608887
2.5443623065948486
4.011035919189453
5.131819725036621
3.108436107635498
4.979670524597168
4.715707778930664
4.511870384216309
4.574280738830566
3.4947330951690674
3.5509393215179443
2.756866455078125
4.316065311431885
3.34481143951416
3.3120384216308594
4.512988567352295
4.450613021850586
3.2140583992004395
3.4012796878814697
2.69507098197937
5.402534484863281
4.125556468963623
4.329831123352051
2.5005929470062256
4.042201995849609
2.5526366233825684
4.2571516036987305
4.842767715454102
4.303496837615967
3.0473837852478027
3.0780692100524902
5.0548787117004395
5.135697364807129
3.931086540222168
3.4821908473968506
5.251379013061523
3.6262969970703125
2.0905892848968506
3.4762558937072754
2.8090109825134277
4.22493314743042
2.8095543384552
2.8379247188568115
5.0781168937683105
4.089507102966309
4.222753047943115
5.255784034729004
4.246354103088379
3.115004777908325
5.297325134277344
4.887794017791748
3.019670009613037
4.11620569229126
3.5703630447387695
3.886502742767334
4.518716335296631
2.7241830825805664
3.9442765712738037
3.9450888633728027
3.6551902294158936
3.8520736694335938
3.3537003993988037
3.055485963821411
3.2844207286834717
3.2463786602020264
4.425295352935791
3.4485933780670166
3.0501463413238525
4.196587562561035
5.424131393432617
4.187611103057861
3.9939792156219482
4.433554172515869
4.316244602203369
4.0538740158081055
4.3086042404174805
3.6459896564483643
3.9902191162109375
3.0738213062286377
3.075092077255249
3.175044298171997
3.9824459552764893
4.946707248687744
4.336797714233398
3.6173930168151855
4.831185817718506
3.2940523624420166
3.1525418758392334
1.1454124450683594
3.873178005218506
3.8623862266540527
5.347400665283203
4.5154500007629395
2.87516450881958
2.850001811981201
4.142555236816406
1.9235827922821045
3.9401774406433105
3.263982057571411
6.187042713165283
3.701301336288452
3.2977917194366455
2.898857831954956
3.9467148780822754
5.27778434753418
6.35527229309082
2.5141570568084717
8.110804557800293
4.242710590362549
3.557258367538452
3.0728671550750732
2.839266061782837
6.122016906738281
3.2094452381134033
2.6247916221618652
2.163984775543213
2.756664276123047
2.2272684574127197
4.948919296264648
2.770508289337158
2.641294002532959
4.549416542053223
3.515760898590088
3.498408317565918
2.535621404647827
3.304142713546753
3.8330934047698975
2.989164352416992
2.8327088356018066
4.7374091148376465
3.705367088317871
3.3098461627960205
3.4708123207092285
2.991611957550049
3.4807558059692383
4.666847229003906
2.410722017288208
4.861141204833984
5.00838041305542
2.7687227725982666
3.131343364715576
2.136070966720581
3.685023307800293
1.8308168649673462
2.1601648330688477
2.1322731971740723
4.9236860275268555
3.5351665019989014
4.2703962326049805
2.6746842861175537
4.153358459472656
3.159332036972046
1.956191062927246
4.866398811340332
3.1840038299560547
3.9884188175201416
4.692587375640869
3.560903310775757
1.4783262014389038
4.293989658355713
1.9608464241027832
3.9625465869903564
3.549710273742676
3.466067314147949
3.3861682415008545
4.085017204284668
2.13431453704834
4.3469085693359375
4.729629993438721
1.4358742237091064
4.555136203765869
4.3613409996032715
3.070126533508301
3.2655444145202637
4.206772327423096
4.536940097808838
2.729933500289917
5.305052757263184
5.011038303375244
3.007352828979492
4.625851631164551
3.881659507751465
2.59744930267334
4.2959442138671875
4.128941059112549
4.368234157562256
3.904958486557007
4.096898078918457
3.774019479751587
3.335367441177368
3.456454277038574
4.733829021453857
2.592850923538208
4.812922954559326
4.972204685211182
4.09591007232666
2.348095655441284
3.0477216243743896
5.093059062957764
4.391072750091553
2.998110055923462
3.236374616622925
2.767453670501709
3.6985743045806885
3.1499037742614746
4.568796157836914
2.0033884048461914
4.317226886749268
2.4989233016967773
3.171900749206543
3.511706590652466
3.9127144813537598
4.67766809463501
4.042862415313721
2.774045705795288
3.351447105407715
3.988828182220459
3.5034496784210205
3.9151861667633057
4.959183692932129
4.484247207641602
5.044023513793945
4.590100288391113
3.337360143661499
4.306674957275391
3.6946091651916504
5.3224968910217285
5.122525215148926
3.020292043685913
3.8098788261413574
3.6991748809814453
5.772350788116455
4.0771942138671875
3.366036891937256
4.600343227386475
2.7668933868408203
4.397430896759033
3.866523504257202
4.300970077514648
3.4377174377441406
0.15326455235481262
4.047537326812744
5.806207656860352
5.382237911224365
2.17263126373291
4.598666191101074
3.3024871349334717
3.9234778881073
3.12170672416687
3.308321475982666
3.7513623237609863
5.029125213623047
3.1183321475982666
4.671364784240723
2.8245930671691895
3.6085383892059326
1.2597659826278687
3.818235397338867
4.262203216552734
3.7977120876312256
4.112911224365234
2.0458829402923584
4.683200836181641
3.129685640335083
5.546870231628418
3.6304917335510254
2.4346961975097656
3.958411455154419
2.7720985412597656
5.108409881591797
4.799163341522217
4.186657428741455
3.94006609916687
4.5123209953308105
3.347877025604248
3.4502034187316895
3.714759111404419
5.082075119018555
5.031525135040283
4.6465163230896
3.151940107345581
4.31141471862793
2.2455995082855225
4.207170009613037
3.310478687286377
4.160603046417236
2.8286631107330322
3.194554090499878
5.225361347198486
3.4078853130340576
3.757018804550171
2.9642374515533447
4.471827030181885
3.7247438430786133
3.468374490737915
2.7111504077911377
5.119722843170166
3.9569504261016846
2.914998769760132
4.844207286834717
2.644847869873047
4.770019054412842
4.072128772735596
4.081662178039551
4.578901290893555
4.172651290893555
3.9450936317443848
3.379866123199463
5.352889060974121
4.940636157989502
3.9851222038269043
3.6069254875183105
4.032281398773193
3.422888994216919
3.553205966949463
2.3269031047821045
3.799823522567749
3.9491007328033447
4.840966701507568
2.9653189182281494
3.653733491897583
1.8470463752746582
3.241429567337036
3.737046718597412
2.821667432785034
4.05757474899292
3.3531436920166016
2.9444422721862793
4.437587261199951
5.273815631866455
1.056528091430664
2.6742138862609863
3.1115434169769287
3.7896411418914795
4.721574783325195
3.106632709503174
2.4440815448760986
3.182166814804077
2.389676570892334
3.961263418197632
2.393282413482666
3.792802095413208
