5.074090003967285
4.953558444976807
6.07125997543335
4.122313976287842
3.7661728858947754
4.671759605407715
4.4090070724487305
4.23344087600708
4.472146987915039
6.516584396362305
3.4013259410858154
5.219927787780762
3.4973225593566895
5.346166610717773
3.7345926761627197
4.760815620422363
2.8187155723571777
4.101099491119385
4.7184367179870605
3.7983155250549316
4.668056488037109
4.671850681304932
5.549077987670898
3.228652000427246
4.23591423034668
4.236886024475098
5.031962871551514
3.370269775390625
2.524641752243042
3.3140416145324707
4.549018859863281
3.419443130493164
5.477982997894287
4.913856029510498
4.1250715255737305
6.191357135772705
4.77927827835083
3.9104933738708496
5.108140468597412
4.088898658752441
4.307092189788818
4.221858501434326
3.764096736907959
5.070250988006592
5.161193370819092
3.2241225242614746
4.909722328186035
3.9088704586029053
3.963432788848877
4.238030910491943
4.138110160827637
2.3025968074798584
3.0572919845581055
5.128232955932617
4.2325439453125
4.988459587097168
3.059304714202881
3.827277898788452
4.957782745361328
3.076054334640503
4.578521251678467
3.7893295288085938
4.4323530197143555
2.8059685230255127
4.698577404022217
4.818514347076416
5.0955047607421875
6.952049255371094
4.209773063659668
6.092938423156738
5.8924455642700195
4.07650089263916
4.39293909072876
6.1196980476379395
4.360136985778809
2.4517459869384766
3.9145703315734863
4.531210899353027
4.038929462432861
5.063521862030029
4.83278226852417
4.822425842285156
4.21065092086792
5.366178512573242
5.92742919921875
2.668501615524292
4.381618022918701
3.024545192718506
3.385863780975342
5.910404205322266
4.998480796813965
2.5559473037719727
3.687293767929077
4.969540596008301
3.516446113586426
4.024509429931641
4.114477634429932
5.199948787689209
5.65540885925293
5.268008708953857
4.628810405731201
5.210415363311768
3.5429322719573975
3.2044551372528076
3.2667720317840576
4.658435821533203
4.0760369300842285
3.6556413173675537
3.6669909954071045
2.706913709640503
4.1749091148376465
3.8309519290924072
7.409793376922607
3.709791660308838
3.853478193283081
3.5089473724365234
1.9480305910110474
3.587491989135742
4.705342769622803
3.3244922161102295
4.090529441833496
3.708481550216675
4.0760345458984375
4.855574607849121
4.404784679412842
4.4990739822387695
3.6972506046295166
5.324996471405029
4.0975446701049805
4.349347114562988
5.556195259094238
5.385130405426025
4.95517635345459
2.2727673053741455
2.4003047943115234
2.5907700061798096
4.449213981628418
5.478186130523682
3.1842477321624756
3.8235421180725098
3.4275567531585693
5.273744583129883
4.716094493865967
3.4142236709594727
3.9826676845550537
6.726682662963867
3.4448323249816895
3.450328826904297
4.753432750701904
5.7577948570251465
4.576105117797852
6.505088806152344
6.043131351470947
2.3036484718322754
4.892751216888428
3.9745585918426514
4.647238731384277
3.7858855724334717
3.3058407306671143
3.0795772075653076
4.786781311035156
5.753142356872559
4.037492752075195
5.451976776123047
5.207352161407471
4.950435161590576
6.002090930938721
4.330365180969238
4.523212909698486
3.311173677444458
5.62404727935791
4.407631874084473
4.124451637268066
5.947781085968018
5.819352626800537
4.0527753829956055
3.8668172359466553
3.238783359527588
7.660037517547607
4.893942832946777
4.851387977600098
3.694901943206787
4.523970127105713
3.3320109844207764
5.689099311828613
6.480906963348389
5.775039196014404
4.9638352394104
3.7077388763427734
5.5223774909973145
5.838841438293457
4.765979290008545
4.587125778198242
6.211059093475342
4.746309757232666
2.5513458251953125
4.063297748565674
4.475821018218994
5.027946472167969
3.231213092803955
3.932345390319824
5.486431121826172
4.84553337097168
4.737596035003662
6.386835098266602
4.946118354797363
3.611483573913574
6.321030616760254
5.520328044891357
5.098282814025879
4.649595737457275
4.878430366516113
4.707186222076416
4.889110088348389
3.7250781059265137
5.485406398773193
4.998641014099121
4.13783073425293
4.452635765075684
3.831871509552002
4.310337066650391
3.6389811038970947
4.896183490753174
5.059291362762451
3.818774938583374
4.750457286834717
4.664347171783447
5.786229133605957
5.0823822021484375
5.4021711349487305
4.853238105773926
5.501685619354248
5.219118595123291
5.229255676269531
4.425178050994873
4.625967502593994
3.3335485458374023
3.2911415100097656
4.419283866882324
5.006866931915283
5.66917085647583
4.826937198638916
3.628058433532715
5.347372055053711
4.129685878753662
3.2808802127838135
1.5015318393707275
4.443227767944336
4.592502593994141
5.061201572418213
4.6386213302612305
3.610252857208252
4.682079315185547
4.747730255126953
3.1036593914031982
4.941072463989258
3.8907394409179688
8.402048110961914
4.257537841796875
4.256519794464111
3.2299909591674805
4.249668121337891
5.920679092407227
6.449446678161621
3.3802883625030518
7.551510810852051
4.325597286224365
3.7713592052459717
3.9559969902038574
4.024608612060547
6.454534530639648
3.684628486633301
3.445115566253662
2.7941195964813232
3.5055665969848633
3.801837682723999
5.115175724029541
3.314286708831787
3.0554497241973877
5.898643970489502
3.765986919403076
4.379921913146973
2.459352493286133
4.1383209228515625
4.643795490264893
3.9265975952148438
3.8608758449554443
5.447073936462402
4.171424388885498
4.7984724044799805
4.216898441314697
3.7715325355529785
3.790259599685669
5.536379337310791
3.1283178329467773
5.740780353546143
6.267142295837402
4.160324573516846
4.521979808807373
2.9744675159454346
3.9516830444335938
1.9036458730697632
2.7781670093536377
2.5080111026763916
5.841887950897217
4.426762580871582
5.022904396057129
3.5234107971191406
4.585162162780762
4.062292098999023
1.5468230247497559
5.752694606781006
4.008131504058838
4.48813009262085
4.898772239685059
4.121150970458984
2.026620864868164
4.78983736038208
2.624100923538208
4.998509883880615
4.665167808532715
4.191816329956055
3.8029403686523438
5.104065895080566
2.406589984893799
5.0491204261779785
5.05758810043335
1.892572283744812
5.199537754058838
4.6795220375061035
3.2357959747314453
4.0016303062438965
5.103961944580078
4.947915554046631
3.627894878387451
5.414208889007568
5.766571521759033
4.6878275871276855
4.606805801391602
4.848400115966797
3.6522998809814453
5.721931457519531
4.695336818695068
4.98598575592041
5.74915075302124
5.261969089508057
4.765268802642822
4.138035774230957
3.9344589710235596
5.613631248474121
3.3629150390625
6.735966205596924
5.301922798156738
5.0548624992370605
2.4435043334960938
3.3678433895111084
5.472922325134277
5.294854164123535
3.6177256107330322
4.026215076446533
3.234382152557373
4.985761642456055
4.568458557128906
4.7626848220825195
3.2156286239624023
5.483185291290283
2.3681769371032715
4.09213924407959
3.8302738666534424
4.7508416175842285
5.371805667877197
5.043059825897217
3.289139986038208
3.6060352325439453
4.614334583282471
4.840123653411865
4.378177165985107
5.695821285247803
5.10218620300293
5.5307440757751465
5.574295997619629
5.054867744445801
4.804762840270996
4.123505115509033
5.110223293304443
5.983758449554443
3.368243455886841
4.337592124938965
4.313868045806885
5.91497802734375
5.1967244148254395
4.3034772872924805
5.086248874664307
3.7507638931274414
5.0997772216796875
4.342925548553467
4.676316261291504
4.155768394470215
0.5600190758705139
4.635993003845215
5.696351051330566
6.1454620361328125
4.358992576599121
4.9517822265625
3.6143059730529785
4.72125244140625
4.085486888885498
3.8010685443878174
4.710163593292236
5.722984790802002
3.192279577255249
5.492037773132324
3.014798164367676
4.850658893585205
2.2963004112243652
4.584309101104736
5.0705037117004395
4.961146831512451
4.207405090332031
2.9921066761016846
5.362673759460449
3.7086150646209717
7.054492473602295
4.542837142944336
3.5630600452423096
4.169909954071045
3.2718348503112793
5.384925365447998
5.769258975982666
5.189770698547363
4.278451442718506
4.959981441497803
3.8516130447387695
4.108267784118652
5.118699073791504
5.369468688964844
5.512137413024902
5.831416606903076
4.994062423706055
5.789477825164795
3.1455273628234863
4.970163822174072
3.7654130458831787
5.599703311920166
3.4218177795410156
4.176225662231445
5.2105326652526855
3.9792070388793945
4.386316776275635
3.1630897521972656
4.999382495880127
4.777679920196533
4.644889831542969
3.7227184772491455
5.370198726654053
4.293017864227295
3.9981775283813477
5.509658336639404
3.0648937225341797
5.451076030731201
4.114262104034424
5.331840991973877
5.202419757843018
5.127737522125244
5.319000720977783
4.049092769622803
6.193786144256592
5.541762828826904
4.43149995803833
4.485662460327148
4.51735782623291
4.930237770080566
4.117727756500244
3.271005630493164
4.861908435821533
4.008714199066162
5.12202787399292
3.9428203105926514
3.8047289848327637
3.025698661804199
4.099174976348877
4.36002779006958
3.2469727993011475
4.221765041351318
3.8700783252716064
3.4992547035217285
5.508959770202637
6.481423377990723
1.5434008836746216
3.373811960220337
3.5883524417877197
5.239336013793945
5.263943195343018
3.553271532058716
3.2750611305236816
4.19858980178833
3.271014928817749
4.779319763183594
4.161553859710693
5.040720462799072
