6.717429161071777
9.309507369995117
8.33857250213623
7.279780387878418
7.102315425872803
8.911134719848633
8.322866439819336
8.978137969970703
9.556894302368164
9.762316703796387
7.224101543426514
6.150020599365234
8.650405883789062
7.953069686889648
7.793180465698242
8.56767749786377
9.578483581542969
9.719082832336426
11.404814720153809
10.510576248168945
8.120465278625488
6.457266807556152
9.36955738067627
10.085639953613281
8.607280731201172
6.969362258911133
9.492047309875488
9.03750991821289
8.382608413696289
9.340177536010742
9.749792098999023
10.032684326171875
8.74223518371582
8.995986938476562
7.527969837188721
10.267148971557617
6.093349933624268
9.67951774597168
7.223781108856201
9.100422859191895
9.177084922790527
2.7932848930358887
8.990900039672852
9.125961303710938
8.58890438079834
7.93238639831543
9.592089653015137
7.496639251708984
7.217000484466553
8.226055145263672
10.031562805175781
9.475276947021484
8.218687057495117
8.170053482055664
7.146076202392578
8.849517822265625
8.423816680908203
9.421550750732422
6.829371929168701
10.241868019104004
7.371180057525635
8.511945724487305
11.006953239440918
7.815049171447754
7.615017890930176
7.150223255157471
7.080836772918701
6.469065189361572
5.7683796882629395
8.540261268615723
8.661248207092285
7.758227825164795
7.8868327140808105
4.965056896209717
8.995765686035156
7.952532768249512
7.459354877471924
8.681869506835938
6.313328742980957
4.789826393127441
7.533205032348633
8.324918746948242
9.280187606811523
11.218218803405762
7.851614952087402
9.282320022583008
7.675451755523682
8.423083305358887
10.394213676452637
9.402359008789062
8.840694427490234
9.047560691833496
10.109272956848145
11.051844596862793
7.77674674987793
10.56307601928711
9.392553329467773
7.1395263671875
4.995404243469238
7.582761287689209
11.283787727355957
9.365340232849121
8.28881549835205
8.895903587341309
6.224475383758545
8.29898738861084
9.60634708404541
8.761805534362793
7.997928142547607
7.275437831878662
8.216712951660156
7.133720874786377
9.189897537231445
9.802437782287598
9.4037504196167
10.136221885681152
8.195090293884277
8.634839057922363
10.296431541442871
7.506968021392822
9.385627746582031
5.7268853187561035
10.37282943725586
9.034698486328125
7.569532871246338
9.87919807434082
9.91479206085205
8.590152740478516
8.687870025634766
8.067950248718262
7.62962007522583
5.569891929626465
7.252158164978027
10.276116371154785
9.650811195373535
8.97314453125
9.009282112121582
10.989533424377441
6.937192440032959
8.83565616607666
6.528842449188232
10.000590324401855
7.671689033508301
7.495500564575195
9.051434516906738
8.426575660705566
7.921238899230957
5.515055179595947
6.685923099517822
8.287768363952637
9.106207847595215
7.6613006591796875
8.562355041503906
8.231721878051758
8.02526569366455
8.782316207885742
8.524650573730469
8.76598834991455
6.515584945678711
9.470428466796875
10.395715713500977
5.369716167449951
9.847602844238281
8.277210235595703
9.203007698059082
8.776604652404785
7.210287570953369
10.668233871459961
7.864326477050781
7.851977825164795
8.49323844909668
10.939567565917969
6.623739719390869
9.284482955932617
10.431561470031738
7.430119037628174
9.367953300476074
10.259309768676758
6.244345664978027
9.2300386428833
8.780455589294434
12.205962181091309
9.13315486907959
8.044576644897461
7.939148902893066
9.728973388671875
11.069135665893555
8.988683700561523
9.568144798278809
5.160552024841309
7.60122013092041
8.145465850830078
10.10173511505127
9.082383155822754
8.790963172912598
11.113182067871094
10.001128196716309
5.674291133880615
9.737297058105469
7.325170993804932
6.818777084350586
7.776388645172119
8.834100723266602
7.378489971160889
7.142683982849121
9.1304292678833
8.67973804473877
8.03719711303711
10.186631202697754
6.677670001983643
7.450253963470459
6.6508989334106445
7.209372043609619
9.451144218444824
8.308914184570312
10.050522804260254
6.447751045227051
8.703289031982422
7.7000555992126465
7.497542381286621
9.07224178314209
8.487478256225586
9.333362579345703
9.440106391906738
8.611808776855469
10.472158432006836
6.792658805847168
4.1914381980896
8.596780776977539
9.288200378417969
7.142483711242676
10.2161865234375
6.752920150756836
10.370140075683594
8.021878242492676
6.494839191436768
6.6441569328308105
6.669645309448242
9.725724220275879
8.528467178344727
7.2623796463012695
8.225866317749023
6.506125450134277
6.752328395843506
9.690496444702148
9.238603591918945
6.161631107330322
11.548848152160645
8.785218238830566
8.851799964904785
7.6247968673706055
8.508944511413574
5.8816609382629395
6.66065788269043
8.361468315124512
6.426468849182129
8.919096946716309
7.89185905456543
8.647695541381836
9.021951675415039
8.242605209350586
8.036911010742188
8.962759017944336
7.404651641845703
9.16927719116211
8.789274215698242
10.58523941040039
5.244205951690674
7.714835166931152
9.024778366088867
9.979975700378418
6.3422393798828125
6.849305152893066
9.283756256103516
10.461142539978027
9.562481880187988
7.5236687660217285
8.615577697753906
9.08532428741455
10.137187957763672
8.332207679748535
7.572293281555176
10.293669700622559
6.0258588790893555
6.254920482635498
7.147884368896484
9.287508010864258
9.03548526763916
7.928825855255127
8.428680419921875
6.977310657501221
3.4080822467803955
8.51755142211914
9.21810531616211
8.064839363098145
9.1445951461792
7.263846397399902
10.077640533447266
9.122013092041016
8.98904800415039
8.912784576416016
7.435022830963135
6.674283504486084
9.975887298583984
5.322041034698486
6.906650543212891
8.226810455322266
8.480215072631836
7.282565116882324
8.579981803894043
8.399762153625488
7.086267948150635
10.476508140563965
6.857428550720215
8.111292839050293
7.742449760437012
8.41148853302002
8.048233032226562
6.770902633666992
8.656160354614258
6.967283725738525
11.089693069458008
10.628447532653809
7.77161169052124
7.725702285766602
5.933668613433838
7.86096715927124
7.101468086242676
4.8701066970825195
8.286239624023438
10.105728149414062
9.898436546325684
8.345901489257812
8.736527442932129
10.822534561157227
8.505497932434082
9.045181274414062
8.710762023925781
9.098711013793945
7.68087100982666
8.143062591552734
5.8607025146484375
9.61800765991211
8.459210395812988
10.358469009399414
9.945446968078613
9.43975830078125
10.881614685058594
4.761053562164307
9.087388038635254
9.065794944763184
9.624345779418945
8.05302906036377
9.05746841430664
6.720799922943115
8.173430442810059
7.690024375915527
10.071514129638672
8.165830612182617
7.364017963409424
6.594237804412842
9.2559232711792
7.167099952697754
8.914653778076172
9.330597877502441
8.41469955444336
9.209254264831543
9.057598114013672
10.279742240905762
6.891678333282471
8.96733283996582
8.906641006469727
10.881253242492676
5.78066349029541
6.793959140777588
8.15579605102539
8.272269248962402
5.987941265106201
6.253963947296143
9.355947494506836
10.833450317382812
9.091670036315918
8.965694427490234
6.973934173583984
8.040870666503906
8.350170135498047
10.919198989868164
9.702975273132324
8.655951499938965
9.551712036132812
8.260979652404785
9.109641075134277
7.5627923011779785
9.704692840576172
9.280710220336914
8.800480842590332
8.843672752380371
7.129303455352783
10.11526870727539
5.57363224029541
5.113517761230469
8.89905071258545
10.570591926574707
7.932246208190918
10.490633010864258
9.537647247314453
8.874316215515137
8.409831047058105
12.135835647583008
7.249217987060547
7.562875270843506
11.123154640197754
9.089065551757812
7.246403217315674
9.18151569366455
9.583949089050293
8.862532615661621
6.516856670379639
9.016349792480469
7.767441749572754
9.193377494812012
8.36535358428955
7.818642616271973
10.152384757995605
8.289264678955078
7.759723663330078
7.747480869293213
9.314072608947754
8.03084659576416
10.222929000854492
6.813333511352539
4.74000883102417
7.781360149383545
5.7217254638671875
7.7774457931518555
7.1556715965271
9.368101119995117
7.477029800415039
6.800806045532227
9.78365421295166
6.631037712097168
8.800719261169434
7.780379295349121
7.813854217529297
10.641530990600586
8.09447956085205
10.063448905944824
9.81982421875
6.6129350662231445
5.786849021911621
6.594820022583008
8.020576477050781
9.062149047851562
6.951884746551514
6.209696292877197
7.313742160797119
8.121688842773438
9.210805892944336
7.611407279968262
8.895583152770996
9.980091094970703
8.881329536437988
8.830713272094727
9.062601089477539
9.301774024963379
6.928797245025635
8.453973770141602
6.025343418121338
8.49206256866455
11.024791717529297
9.78959846496582
7.8413543701171875
4.592953681945801
7.18087911605835
7.787169933319092
11.180025100708008
7.894223690032959
8.732819557189941
9.879739761352539
8.330188751220703
6.988592147827148
11.226421356201172
10.14819049835205
8.4091215133667
7.925695896148682
8.079094886779785
6.903778553009033
9.730031967163086
10.430527687072754
7.894694805145264
7.284929275512695
6.501367568969727
9.266152381896973
7.870556831359863
6.868020057678223
9.545669555664062
8.278909683227539
7.354853630065918
8.849860191345215
9.750643730163574
