5.067718029022217
1.888479471206665
3.4086568355560303
3.9569602012634277
4.006284713745117
5.077548027038574
7.774360656738281
8.714146614074707
6.794422149658203
5.6255059242248535
6.7917985916137695
5.957316875457764
6.106420516967773
4.335831165313721
4.363665580749512
4.914830207824707
5.62041711807251
7.935522556304932
6.879095077514648
7.2431511878967285
9.138346672058105
9.577754020690918
5.629806041717529
6.360996723175049
7.00399112701416
4.319023132324219
6.054459095001221
5.524958610534668
9.71627426147461
0.9204079508781433
5.996512413024902
7.68267822265625
6.2046308517456055
6.325206756591797
9.009161949157715
5.301647186279297
5.242593765258789
12.383060455322266
7.83615255355835
6.4903693199157715
7.634916305541992
6.196131229400635
8.030043601989746
4.0636820793151855
10.114944458007812
2.433032274246216
5.282183647155762
6.527801990509033
3.104966640472412
7.394542217254639
8.330803871154785
4.819332599639893
0.4455382525920868
4.468670845031738
6.979677677154541
6.710231304168701
9.811219215393066
4.761178493499756
8.779573440551758
9.863038063049316
7.821315288543701
4.735731601715088
5.815726280212402
10.082304954528809
6.408872604370117
2.8915770053863525
7.7959065437316895
5.30988073348999
4.102002143859863
4.89049768447876
6.287667751312256
2.133866548538208
6.223268032073975
6.403891563415527
6.780980587005615
8.248785972595215
7.8974609375
7.910013198852539
4.505214214324951
8.929486274719238
6.820808410644531
8.30986499786377
2.1349234580993652
5.406400680541992
7.995090484619141
5.602946758270264
4.097743988037109
8.63714599609375
5.117983341217041
4.258795261383057
3.939887762069702
6.061943531036377
8.295145034790039
3.998063325881958
3.653172731399536
7.869243144989014
7.972063064575195
10.25141716003418
3.6751604080200195
7.361949920654297
6.201919078826904
10.21426773071289
5.7951788902282715
4.755234718322754
5.513840675354004
4.587047100067139
6.163737773895264
6.019506931304932
5.222175121307373
3.7270374298095703
2.393024444580078
5.124392986297607
7.584326267242432
10.892751693725586
5.363522529602051
6.8498406410217285
4.270051956176758
6.313559532165527
4.217944622039795
5.014668941497803
6.9714813232421875
6.198726654052734
3.5323917865753174
4.789389133453369
2.8681883811950684
3.7859742641448975
6.9732747077941895
5.66705846786499
5.789206027984619
3.8447937965393066
2.9850504398345947
8.701864242553711
5.881287097930908
7.505406856536865
6.909615993499756
4.954241752624512
7.659555912017822
8.263120651245117
7.294023036956787
6.018775939941406
6.299591064453125
8.466960906982422
5.570148468017578
4.447543621063232
6.504538536071777
2.48384165763855
7.2457170486450195
2.0813207626342773
5.114570617675781
5.590364933013916
4.755047798156738
4.411592960357666
5.413969039916992
6.335843563079834
6.589367389678955
3.9280664920806885
6.996829509735107
5.870758056640625
10.15186882019043
6.21061372756958
2.7187247276306152
8.694209098815918
5.436889171600342
8.060528755187988
9.133366584777832
3.5740747451782227
8.27495288848877
8.203861236572266
6.637157440185547
3.0096216201782227
5.256442070007324
7.27890157699585
6.42199182510376
6.972187519073486
0.5358648896217346
3.6161410808563232
5.077198505401611
6.4451775550842285
7.6521315574646
7.505157470703125
7.4949235916137695
7.1341400146484375
4.763050079345703
8.412053108215332
1.6140729188919067
7.048563003540039
6.665140628814697
4.301311016082764
3.2697291374206543
9.614827156066895
4.451235294342041
7.8755412101745605
7.2098870277404785
7.788419723510742
6.891656875610352
5.680205345153809
7.621660232543945
7.272955894470215
7.426032066345215
4.316157341003418
3.144479751586914
8.065553665161133
5.995009899139404
6.218618392944336
5.87470006942749
6.927691459655762
4.634174346923828
7.943212985992432
4.243793487548828
4.357837200164795
0.34624627232551575
5.850216388702393
2.4898550510406494
7.671713829040527
4.578495502471924
5.618138790130615
10.264841079711914
9.344944953918457
7.604214191436768
2.5176172256469727
9.152592658996582
8.039868354797363
9.084832191467285
5.672593116760254
5.719287395477295
3.9381752014160156
6.781684398651123
5.155722141265869
6.955263137817383
8.804247856140137
3.8581972122192383
7.736860752105713
5.059040546417236
8.773195266723633
7.495500564575195
4.696681022644043
5.851772785186768
7.059840679168701
7.598819255828857
5.437283039093018
2.507673501968384
5.782814979553223
7.340322494506836
6.014692306518555
8.054832458496094
4.378756046295166
10.813872337341309
9.620264053344727
8.402509689331055
6.12653112411499
8.257942199707031
8.995776176452637
2.306226968765259
6.282337188720703
6.710329532623291
8.01905632019043
3.8307275772094727
5.1738080978393555
5.296772480010986
5.841485500335693
7.390219688415527
5.251867771148682
6.906588077545166
7.234982967376709
9.33487319946289
6.2427754402160645
10.036930084228516
6.469569683074951
6.919677734375
6.016796588897705
10.283377647399902
6.734853744506836
4.6580586433410645
9.47831916809082
6.982532501220703
4.383383274078369
7.627259254455566
6.421179294586182
5.759279727935791
6.103287696838379
3.7152304649353027
10.724674224853516
7.309892177581787
6.000730991363525
3.9011597633361816
5.740410327911377
4.887474060058594
6.8899922370910645
5.731503963470459
11.21583080291748
6.904858589172363
4.387239456176758
7.950738430023193
8.311232566833496
6.8647847175598145
8.586383819580078
4.611780166625977
2.6857991218566895
7.770545482635498
8.956180572509766
5.341611862182617
10.432022094726562
4.7095489501953125
4.339898586273193
7.7884907722473145
7.600815773010254
8.168424606323242
5.485503673553467
5.02735710144043
9.339529991149902
6.823880672454834
5.211991310119629
7.262241363525391
4.982885837554932
4.856019973754883
5.099756717681885
7.148115634918213
6.952803611755371
4.994164943695068
4.155546188354492
4.940859794616699
7.852780342102051
3.741664409637451
7.453514099121094
5.669941425323486
9.123124122619629
8.142654418945312
4.820398807525635
6.881161689758301
2.2211358547210693
6.984858512878418
8.031998634338379
3.5792644023895264
4.537710189819336
5.34695291519165
5.266972064971924
8.513813018798828
4.446756839752197
5.929781436920166
3.419833183288574
6.734922885894775
5.320469856262207
6.518716812133789
7.135566711425781
7.449926853179932
5.739034175872803
6.058145523071289
5.475658416748047
5.696140289306641
4.301010608673096
5.895481586456299
10.410582542419434
6.352294921875
9.026659965515137
6.146631240844727
8.218793869018555
8.508831977844238
4.126959800720215
9.352304458618164
4.726714611053467
8.955492973327637
3.9701011180877686
5.177060604095459
6.207885265350342
1.9588245153427124
7.055272579193115
6.508713245391846
8.401177406311035
7.754699230194092
2.6054115295410156
8.49562931060791
7.265436172485352
8.259176254272461
7.565549373626709
6.299767971038818
7.386494159698486
5.713554859161377
3.733030319213867
5.7260565757751465
0.2852790057659149
4.669261932373047
2.547494411468506
2.420259714126587
4.484002590179443
5.106651306152344
6.628087043762207
7.470229625701904
5.709466457366943
5.60828161239624
4.1506123542785645
4.434947967529297
2.048593282699585
6.636435508728027
5.650577545166016
10.239599227905273
6.139840602874756
2.9264445304870605
6.923301696777344
3.8059442043304443
5.012794017791748
3.394408941268921
7.980971813201904
3.454475164413452
9.016118049621582
6.056110382080078
2.044647216796875
5.6657795906066895
9.805274963378906
3.720749616622925
3.4349007606506348
4.369794845581055
3.747159957885742
6.587892055511475
6.121588230133057
10.89665699005127
6.367514610290527
5.275424957275391
4.808269023895264
5.55328369140625
7.667959213256836
6.285396099090576
7.436187744140625
6.8996453285217285
6.665665149688721
4.842380046844482
2.208810567855835
5.033302307128906
7.326639175415039
6.102558135986328
6.946774959564209
5.0245161056518555
-0.5801103711128235
2.3581647872924805
7.469241619110107
6.643515110015869
3.7843377590179443
7.961508274078369
6.679637908935547
4.12183952331543
5.268317699432373
1.6278692483901978
2.318795680999756
0.9228806495666504
7.617915153503418
8.626174926757812
1.7068779468536377
11.217262268066406
6.256980895996094
7.198197364807129
6.9926066398620605
4.7369842529296875
5.636908054351807
3.802212715148926
8.848886489868164
6.393648624420166
7.896173000335693
9.099299430847168
6.505563259124756
4.828855991363525
6.451566696166992
5.561649799346924
9.27665901184082
8.587798118591309
7.842612266540527
6.771000862121582
3.485030174255371
4.7046308517456055
-0.0614389069378376
9.146014213562012
6.924126148223877
6.933626651763916
5.570467948913574
7.357947826385498
4.638428688049316
5.228176116943359
6.441616535186768
5.182143688201904
5.385586261749268
4.823946475982666
7.123091220855713
4.855915546417236
6.151987552642822
4.146824359893799
6.821691989898682
4.577259540557861
6.83698844909668
5.929797172546387
4.734282493591309
10.410161018371582
9.048615455627441
1.5324106216430664
6.963629722595215
8.711644172668457
9.331448554992676
9.614344596862793
8.595071792602539
5.739075183868408
7.180752277374268
8.131534576416016
6.435077667236328
