4.384252548217773
5.529425621032715
5.014134407043457
6.146940231323242
4.396575450897217
4.757909297943115
4.0796966552734375
4.124191761016846
4.198322772979736
4.581947326660156
4.101335525512695
6.131971836090088
6.973389625549316
2.7323243618011475
2.5284969806671143
6.471807479858398
3.8879005908966064
3.7268104553222656
5.132241249084473
3.7180049419403076
3.722907304763794
5.783169746398926
4.624200820922852
3.2501420974731445
3.859990358352661
4.099684238433838
4.986530303955078
4.138643264770508
3.3742058277130127
4.190321922302246
4.406596660614014
4.9451093673706055
4.051159381866455
5.610034942626953
5.813399791717529
3.272082567214966
4.404785633087158
3.700690984725952
4.921560764312744
5.0684099197387695
3.776995897293091
3.782285213470459
4.74959135055542
5.90992546081543
4.424182415008545
5.924389362335205
3.7988486289978027
5.4654541015625
6.2710652351379395
5.00899600982666
5.279014587402344
3.891036033630371
4.120769023895264
5.523935794830322
5.653164386749268
4.013984680175781
2.4814934730529785
4.815520286560059
4.682085037231445
4.84523344039917
4.143095970153809
4.969343185424805
4.933389663696289
7.562047004699707
4.1761884689331055
5.558371067047119
5.060464859008789
4.622272968292236
5.443349838256836
5.409532070159912
3.146601915359497
3.6280031204223633
3.315664529800415
4.006453990936279
5.345571994781494
5.978584289550781
5.439533710479736
3.88808274269104
4.291635990142822
4.248601913452148
4.808830261230469
5.296231269836426
3.6091110706329346
3.8300652503967285
4.7009992599487305
4.459814071655273
5.329121112823486
5.269054412841797
4.177926063537598
5.46635103225708
2.501323699951172
4.2235798835754395
5.096240520477295
3.4529831409454346
5.157217502593994
4.200763702392578
3.9677751064300537
3.3295300006866455
3.381286144256592
5.030317783355713
4.533412933349609
4.511168003082275
4.107332229614258
4.581773281097412
4.375614643096924
4.137847423553467
3.557220935821533
3.7488579750061035
6.949049472808838
3.0764107704162598
2.9850029945373535
5.387063980102539
3.787966728210449
5.148558139801025
2.638396978378296
4.158631324768066
5.385840892791748
4.41226053237915
3.554847002029419
5.027956962585449
4.103836536407471
2.6192054748535156
4.468945503234863
4.397128582000732
5.937842845916748
4.404802322387695
3.116847038269043
3.871122360229492
5.465337753295898
4.723156929016113
4.961445331573486
4.385780334472656
3.0922014713287354
4.791686058044434
2.414431095123291
5.013763427734375
5.501386642456055
5.599868297576904
4.198098182678223
5.492739677429199
4.33188009262085
3.248173475265503
6.274016857147217
3.477144956588745
5.209290504455566
3.3490068912506104
5.427958965301514
4.701481342315674
6.20308256149292
3.528947114944458
4.753227233886719
3.084808349609375
3.458521842956543
4.488865852355957
4.307876110076904
4.264246940612793
4.457369804382324
4.304616451263428
3.132735013961792
2.444124698638916
3.9529993534088135
4.132379055023193
4.422423839569092
3.6981894969940186
3.834747076034546
4.081250190734863
5.851174354553223
4.721850872039795
4.851325988769531
3.465914487838745
4.26069450378418
3.3892507553100586
2.164398193359375
4.750468730926514
1.6547333002090454
1.8655400276184082
3.2032856941223145
4.535897731781006
3.120429277420044
4.142574310302734
4.836788654327393
4.948907375335693
4.14996337890625
3.5365471839904785
4.125982761383057
4.377834796905518
4.139944553375244
3.7800493240356445
5.051455974578857
5.027467727661133
4.576645851135254
8.378857612609863
5.284273624420166
3.3964905738830566
4.368240833282471
4.215048313140869
4.064034938812256
4.3618550300598145
4.339900493621826
3.281357526779175
4.551407814025879
5.762925624847412
5.705962657928467
5.422053337097168
5.683106899261475
3.086421489715576
4.9613213539123535
5.246922016143799
3.99580979347229
4.277010440826416
3.326885938644409
5.141617774963379
4.669268608093262
4.953063488006592
4.9102253913879395
3.299816131591797
5.498806476593018
5.451496601104736
5.80147647857666
5.113929271697998
4.860949516296387
3.4752328395843506
3.1044180393218994
6.375133514404297
5.508708477020264
3.9984099864959717
4.319021224975586
5.1144514083862305
4.924903869628906
4.960624694824219
5.521646499633789
4.976029396057129
3.5825610160827637
4.891232013702393
1.6705224514007568
3.815216541290283
4.727740287780762
6.2650465965271
4.586669445037842
4.4016876220703125
5.086363315582275
5.019946098327637
3.242166757583618
4.967347145080566
4.330712795257568
3.771491050720215
5.197836399078369
5.2255330085754395
3.6719443798065186
3.483513355255127
4.21714973449707
4.036898612976074
3.7226099967956543
4.175742149353027
5.399855613708496
5.292941570281982
3.17030668258667
3.0605900287628174
5.81063985824585
5.7757062911987305
5.274466037750244
4.277542591094971
4.5258893966674805
3.6594581604003906
4.570147514343262
6.5506978034973145
3.9406087398529053
6.061169624328613
3.800450563430786
2.57861328125
4.575032711029053
3.223086357116699
5.286380290985107
4.155991077423096
3.899729013442993
4.845996379852295
4.534613132476807
4.688168525695801
5.350628852844238
3.7715718746185303
5.06540060043335
5.04128360748291
3.912790298461914
5.134418487548828
4.794226169586182
3.544257164001465
2.876525402069092
5.587895393371582
3.6879680156707764
4.188074588775635
4.719376087188721
0.6852282881736755
3.339280843734741
4.21424674987793
4.762128829956055
5.330019950866699
4.676075458526611
2.7030696868896484
3.739305019378662
5.382107257843018
5.029099941253662
4.03889274597168
7.706967353820801
4.375579357147217
5.045572757720947
3.0516562461853027
3.928396463394165
4.380620002746582
5.129570484161377
5.868743419647217
3.6676151752471924
4.737766265869141
4.953591346740723
3.751359224319458
5.225555896759033
4.394771099090576
5.720715045928955
3.9015939235687256
3.621985673904419
5.060951232910156
6.380747318267822
4.593234062194824
6.091368675231934
3.2122161388397217
4.033771991729736
2.5712084770202637
2.5540616512298584
3.1449687480926514
3.8805932998657227
4.655738830566406
5.7907562255859375
3.650582790374756
5.227458477020264
4.379059314727783
4.048573017120361
3.6548759937286377
4.173119068145752
5.770476818084717
5.2007880210876465
4.7771477699279785
3.9794020652770996
5.459054946899414
5.989164352416992
5.978232383728027
3.831599712371826
5.355015754699707
5.347166538238525
4.337515354156494
4.881286144256592
4.072635173797607
5.2373857498168945
3.8088839054107666
2.188901424407959
3.744396209716797
6.042201995849609
4.09975004196167
4.450713157653809
5.581599235534668
3.1166164875030518
4.349410533905029
4.028538703918457
3.835031032562256
4.9433674812316895
4.16010046005249
5.2634100914001465
5.384763240814209
5.031867980957031
3.233466863632202
5.049668312072754
3.8348381519317627
2.9289965629577637
4.496921539306641
4.834589004516602
5.832411289215088
3.3259615898132324
3.858072519302368
4.0276594161987305
4.094315528869629
4.999521732330322
5.150330543518066
2.442694664001465
3.033991813659668
5.1078033447265625
3.472386121749878
3.489403486251831
5.296262264251709
4.818342208862305
6.384994029998779
2.6989970207214355
3.7201318740844727
6.676499843597412
4.6877923011779785
4.191420078277588
5.793630599975586
3.3090357780456543
5.119694709777832
4.9128737449646
3.267935037612915
4.10062837600708
1.4629952907562256
4.081815719604492
3.502012252807617
4.0774641036987305
1.9823123216629028
3.6671321392059326
4.659018516540527
4.503675937652588
3.8762855529785156
4.695368766784668
3.719644546508789
3.067915916442871
4.9531941413879395
7.478506088256836
4.722998142242432
3.0734877586364746
3.5198397636413574
4.073474407196045
4.909528732299805
5.857265472412109
2.610797882080078
2.4277424812316895
4.587292194366455
3.293598175048828
5.0830183029174805
3.3239381313323975
3.378675937652588
4.578824043273926
5.346347808837891
2.4274003505706787
4.058194160461426
5.344501495361328
4.832823276519775
5.54556941986084
6.023813724517822
5.606381416320801
3.191910982131958
5.241944313049316
3.659291982650757
4.654090881347656
3.933480739593506
3.8656699657440186
5.034405708312988
3.4032299518585205
4.125548362731934
4.790599822998047
5.028924942016602
5.054699420928955
4.718031406402588
4.0724005699157715
6.1469407081604
3.208878755569458
3.0889880657196045
4.783458232879639
6.889441967010498
5.0093913078308105
3.2759346961975098
3.6377785205841064
6.002871990203857
5.026364326477051
5.311611652374268
3.6889076232910156
5.867420196533203
4.792531967163086
5.107296466827393
3.8878822326660156
3.862116813659668
3.195553779602051
4.581207752227783
2.7905681133270264
5.648897171020508
5.460572719573975
5.262038707733154
4.561066627502441
4.6422624588012695
2.0464401245117188
4.619760036468506
5.752344608306885
5.135005474090576
4.719804286956787
4.941555976867676
3.9916419982910156
4.76840877532959
4.615531921386719
6.288980960845947
3.813523769378662
2.248939275741577
4.570919036865234
4.3055524826049805
3.402576208114624
4.387202262878418
3.6987786293029785
4.348902702331543
5.526108741760254
5.153987884521484
4.256186008453369
4.9648823738098145
5.431159973144531
4.801931381225586
4.760071754455566
4.779791831970215
