0.7625972628593445
0.9532672166824341
-0.326707124710083
1.1430206298828125
1.323931336402893
1.6759127378463745
1.9508222341537476
2.5096704959869385
2.070812940597534
0.2832889258861542
-0.07668671011924744
0.5360597968101501
1.7074717283248901
1.6458516120910645
1.0339571237564087
1.0293285846710205
1.3996503353118896
1.0564744472503662
0.42748066782951355
1.0318375825881958
1.4207179546356201
1.751757264137268
1.5283485651016235
-1.0506378412246704
1.8745770454406738
1.0243213176727295
1.9715520143508911
0.707974910736084
1.2140882015228271
-0.6674162745475769
1.2780033349990845
0.16834543645381927
0.8781219720840454
1.2769465446472168
1.7551965713500977
1.149797797203064
1.4218600988388062
1.8331868648529053
1.2974498271942139
1.561037540435791
1.8688207864761353
0.3302921652793884
2.0808370113372803
1.4874868392944336
-0.056387197226285934
0.32588252425193787
0.47990840673446655
1.2549041509628296
-0.1790556013584137
1.2770183086395264
1.079147219657898
0.8141415119171143
0.7398254871368408
1.5031695365905762
1.3237870931625366
2.3933019638061523
0.4290776252746582
0.5055888891220093
1.132358193397522
1.6155349016189575
0.2452659159898758
1.4349290132522583
0.8945894837379456
0.9488750696182251
2.5779058933258057
0.9417148232460022
2.3221054077148438
0.03790410980582237
0.7748870253562927
1.1401652097702026
1.7303632497787476
0.8698609471321106
0.7580879926681519
1.504228949546814
1.8237195014953613
0.7072320580482483
1.3562970161437988
0.3946788012981415
1.8058602809906006
1.132981777191162
1.5064629316329956
0.9010867476463318
1.5803817510604858
0.8734775185585022
0.7704538702964783
1.218788743019104
0.45207247138023376
0.7581577897071838
1.1733181476593018
1.330600619316101
1.0827394723892212
2.1932425498962402
0.45047709345817566
1.0303149223327637
0.8411286473274231
2.24525785446167
2.0749449729919434
1.4844157695770264
-0.28026989102363586
1.8056293725967407
