2.354541301727295
0.04299620911478996
1.8965625762939453
1.595438838005066
-0.4537859261035919
0.7362302541732788
0.431626558303833
-0.7251508831977844
0.7113445997238159
0.680269181728363
1.916134238243103
1.3761112689971924
1.935520887374878
1.4521679878234863
1.1308584213256836
0.12606097757816315
1.5922969579696655
-1.0526258945465088
2.0064289569854736
2.5199952125549316
-0.7009604573249817
0.6825487613677979
-0.6566492319107056
0.005878105293959379
0.5139659643173218
-0.8368039131164551
0.4690312445163727
1.3506758213043213
0.7005982995033264
1.935326337814331
0.47825995087623596
-0.23418226838111877
1.6569948196411133
-1.1994569301605225
0.7636526823043823
-1.5545449256896973
1.7831754684448242
1.8979421854019165
0.1266697347164154
-2.8917734622955322
1.1906213760375977
0.9370872378349304
0.7320350408554077
1.1048582792282104
0.6510658264160156
0.14568373560905457
1.19790518283844
1.5664738416671753
1.4167383909225464
2.7869620323181152
0.8677263855934143
-0.9891014099121094
-0.3185509741306305
2.189547061920166
-0.025951536372303963
0.792259156703949
1.099717617034912
0.7588493227958679
0.5846751928329468
0.9703480005264282
0.7813926339149475
-0.004007012117654085
-1.8146992921829224
1.075484037399292
1.611641526222229
1.9672781229019165
-1.2924824953079224
1.461409330368042
2.301129102706909
0.9037980437278748
-1.2595278024673462
1.8044536113739014
1.7556281089782715
2.2469773292541504
1.0003414154052734
0.550656259059906
0.9460359811782837
0.09735630452632904
1.0324898958206177
-0.6852507591247559
-0.8520816564559937
1.0797550678253174
0.4523875117301941
1.915395736694336
1.2642537355422974
0.28764328360557556
0.0675109326839447
-1.3634662628173828
1.4939188957214355
1.7683626413345337
1.0318374633789062
1.2695870399475098
2.0317189693450928
0.7768367528915405
2.1994287967681885
-0.3559550940990448
-1.109998106956482
0.28399658203125
0.2195190042257309
0.6888850927352905
