1.3022562265396118
-0.0032521248795092106
1.883878231048584
0.8559076189994812
1.0038458108901978
0.21874438226222992
1.5076189041137695
-0.10145848989486694
0.9296421408653259
1.9226133823394775
1.3674849271774292
1.4053364992141724
1.018940806388855
0.9769784808158875
0.6033341884613037
1.3404823541641235
1.5873883962631226
0.3072836697101593
1.3186991214752197
1.107414960861206
1.156964659690857
1.5425236225128174
0.11686164885759354
1.329487919807434
1.3626965284347534
1.1244494915008545
1.5244107246398926
1.7664445638656616
0.7005490660667419
1.6733251810073853
0.7461452484130859
1.5230340957641602
1.617486834526062
2.9243102073669434
0.9708420038223267
1.1441675424575806
0.8033574223518372
0.5977216958999634
1.2356656789779663
0.34152665734291077
1.2815465927124023
1.92641019821167
1.31327223777771
0.21394646167755127
1.779334306716919
1.1561377048492432
-0.051769234240055084
-0.16845224797725677
1.8475923538208008
0.9010065197944641
1.5107358694076538
0.7487983107566833
0.5672192573547363
2.062511682510376
1.4117624759674072
0.28775131702423096
1.2495012283325195
1.0846840143203735
0.6888443231582642
1.556159257888794
0.8916650414466858
1.233189582824707
0.2286180704832077
0.38167431950569153
1.1295461654663086
1.6900032758712769
-0.6190892457962036
1.1215999126434326
1.0952248573303223
0.9510164856910706
1.3335715532302856
1.3369340896606445
0.5678196549415588
1.6285368204116821
1.2923777103424072
1.6930088996887207
2.087507963180542
-1.1441454887390137
0.7055805325508118
0.45737224817276
0.29888930916786194
0.8190382122993469
0.6765821576118469
1.3669092655181885
-0.6671338677406311
1.160808801651001
1.245553970336914
1.028649091720581
1.172154426574707
2.14461088180542
0.7627542018890381
1.760123372077942
1.1321710348129272
1.5469857454299927
1.533091425895691
0.964920699596405
1.4402822256088257
1.215930461883545
1.0836867094039917
1.0136030912399292
