1.9872338771820068
1.3966048955917358
1.3403916358947754
1.2293177843093872
1.5675662755966187
0.15281450748443604
1.426538109779358
2.373188018798828
1.2045772075653076
1.265181303024292
1.408011555671692
2.081167697906494
0.8411604762077332
0.6504624485969543
1.4604151248931885
1.0719105005264282
1.286566138267517
1.4402728080749512
1.8300668001174927
1.5439523458480835
1.0346876382827759
1.9752026796340942
0.38352876901626587
0.8896098136901855
1.841004490852356
0.6872480511665344
1.3250539302825928
1.4182926416397095
0.8431354761123657
1.408772587776184
1.6007314920425415
0.9937829971313477
0.672630250453949
2.0156846046447754
1.9156064987182617
1.9584989547729492
1.4612541198730469
1.3057390451431274
1.0706079006195068
0.9038102626800537
1.9377057552337646
1.836734652519226
0.7422053813934326
0.9771391153335571
1.3943068981170654
1.316962718963623
1.0323675870895386
1.1172893047332764
1.039140224456787
2.1972997188568115
1.609413743019104
1.8695361614227295
1.279915452003479
-0.6542299389839172
1.5516725778579712
1.494375228881836
0.8911142945289612
0.8753922581672668
1.179246425628662
1.6357804536819458
1.9214344024658203
1.3787726163864136
1.032938838005066
1.2983722686767578
1.5637636184692383
2.0362584590911865
1.14870285987854
0.9695733785629272
1.8531795740127563
1.890832543373108
1.464448094367981
1.161543846130371
1.0224112272262573
1.3647465705871582
2.016406536102295
1.5562260150909424
0.5262110233306885
1.8248670101165771
2.135344982147217
-0.380027174949646
1.0819982290267944
0.9734011888504028
1.3473855257034302
0.523414134979248
1.364400029182434
2.059650421142578
1.4866663217544556
0.569711446762085
2.3675036430358887
0.3441074788570404
0.008801441639661789
1.1708883047103882
2.140690565109253
1.9069865942001343
0.9043030142784119
1.5113537311553955
1.6212502717971802
1.1166726350784302
1.8567498922348022
0.5013372302055359
