5.714697360992432
7.038219451904297
6.223671913146973
6.4794816970825195
8.168196678161621
6.195334434509277
7.237872123718262
6.085750579833984
6.546055793762207
7.021804332733154
6.0747575759887695
7.239522457122803
7.707747459411621
8.239716529846191
6.8319010734558105
6.538990497589111
6.3087849617004395
5.3125996589660645
4.811332702636719
7.686296463012695
5.466670513153076
5.629880428314209
6.349822044372559
7.623408317565918
5.5318827629089355
7.8558149337768555
7.820434093475342
7.102475643157959
7.224831581115723
6.588871002197266
5.790462970733643
5.358423709869385
8.982850074768066
5.860141754150391
6.107693672180176
6.059421539306641
5.582747459411621
6.283594131469727
7.680562496185303
8.279245376586914
7.137109756469727
6.124680519104004
7.291383743286133
7.553056716918945
5.166045188903809
7.265635013580322
7.499606132507324
6.898510932922363
6.137173652648926
6.799083232879639
7.747514724731445
8.095125198364258
7.670378684997559
7.319757461547852
5.358954429626465
6.295396327972412
8.541213989257812
6.11548376083374
6.679714679718018
6.948631286621094
7.854788780212402
7.1366472244262695
7.4985809326171875
6.66860818862915
7.001733779907227
9.05208683013916
7.447493553161621
5.85858678817749
7.04733419418335
7.276608467102051
7.897716522216797
5.811840057373047
7.156317710876465
7.022488594055176
6.3819966316223145
6.277167797088623
6.036828994750977
5.795803070068359
7.797640800476074
6.028812885284424
6.005362510681152
5.380123615264893
6.92753267288208
4.688292980194092
5.887260913848877
5.9842658042907715
7.329573631286621
6.1443305015563965
5.868600368499756
5.6772356033325195
7.897110462188721
7.519057750701904
7.831582069396973
5.916867256164551
6.538309097290039
4.94370698928833
6.641246318817139
8.343427658081055
6.75650691986084
6.722268104553223
