4.90668249130249
5.359008312225342
4.341498374938965
3.691800117492676
2.0892410278320312
6.903830528259277
3.110483169555664
5.6293840408325195
5.383859157562256
6.9180192947387695
3.879814624786377
5.922886371612549
2.075977325439453
2.0402982234954834
5.6383585929870605
4.163978576660156
4.6093363761901855
4.666144371032715
5.120376110076904
5.110374450683594
4.456320285797119
5.5693511962890625
0.6010015606880188
3.2752270698547363
6.784794330596924
4.301539897918701
2.8113269805908203
6.330286502838135
1.7937138080596924
5.016927719116211
4.380622863769531
3.5787606239318848
1.8743512630462646
3.412874460220337
2.8262033462524414
4.896409034729004
5.043490409851074
3.540316581726074
3.492966413497925
4.842047691345215
1.977004885673523
7.956435680389404
4.965823650360107
2.6523795127868652
3.71663498878479
5.35219144821167
3.617292642593384
7.299941539764404
1.5307713747024536
5.069884777069092
4.411531925201416
5.146407127380371
5.929726600646973
3.830138921737671
4.716363430023193
1.8249324560165405
4.637266635894775
4.201762676239014
3.98970627784729
3.9231255054473877
4.297872543334961
5.890048980712891
5.173513889312744
3.2468512058258057
5.270407199859619
6.185344696044922
3.797790288925171
6.380935192108154
2.367246389389038
5.709933280944824
4.300172805786133
6.985851287841797
5.624796390533447
4.338808536529541
2.30839467048645
6.772770404815674
4.157339572906494
5.000349998474121
4.092101573944092
2.9239869117736816
4.531469821929932
4.568943977355957
7.5348405838012695
4.449463844299316
2.1223690509796143
5.195833683013916
2.893336772918701
4.2871479988098145
4.565637111663818
3.285031795501709
7.182316303253174
5.926427841186523
2.675628900527954
3.108654260635376
5.47133731842041
5.7120842933654785
1.786598801612854
3.7735722064971924
3.4373209476470947
2.482236862182617
