9.427130699157715
10.288626670837402
9.190215110778809
10.616268157958984
10.050175666809082
8.949816703796387
10.086126327514648
10.028895378112793
9.493414878845215
10.137786865234375
10.400768280029297
8.029528617858887
10.891133308410645
8.459734916687012
9.300458908081055
10.712286949157715
9.410091400146484
9.355721473693848
11.561739921569824
10.06872844696045
9.382006645202637
9.201704978942871
10.647775650024414
10.510700225830078
7.457259178161621
9.930877685546875
11.038342475891113
10.402445793151855
9.3928861618042
9.741442680358887
9.698782920837402
10.872537612915039
9.437091827392578
10.265640258789062
10.32142162322998
10.378950119018555
9.330471992492676
10.088112831115723
8.650127410888672
8.946736335754395
10.035086631774902
6.202113151550293
10.507250785827637
10.777693748474121
10.183015823364258
9.757999420166016
9.63236141204834
9.805004119873047
8.742382049560547
9.020476341247559
10.225972175598145
8.503958702087402
10.41590690612793
9.468780517578125
10.689043998718262
9.675313949584961
8.21051025390625
10.030472755432129
9.08423137664795
10.590304374694824
9.071396827697754
10.317590713500977
9.938429832458496
9.215991020202637
8.488210678100586
9.878528594970703
8.911896705627441
7.981284141540527
9.235549926757812
9.662503242492676
8.790840148925781
7.332355499267578
9.964560508728027
9.173421859741211
8.83774471282959
9.629938125610352
10.414982795715332
9.722343444824219
9.067957878112793
7.316409587860107
10.636796951293945
9.488061904907227
9.362286567687988
11.065631866455078
8.437005996704102
10.11581039428711
9.875322341918945
9.371448516845703
9.991263389587402
9.851017951965332
9.222101211547852
9.509751319885254
10.564257621765137
11.676873207092285
9.586814880371094
10.174399375915527
9.904874801635742
8.454081535339355
6.979902744293213
10.76763916015625
10.530205726623535
10.152627944946289
8.528151512145996
10.355507850646973
9.864412307739258
10.043344497680664
8.911731719970703
8.843818664550781
10.558343887329102
7.70284366607666
9.824329376220703
10.16755199432373
9.101799011230469
9.140799522399902
10.342116355895996
11.087442398071289
10.720698356628418
10.698305130004883
11.205862998962402
9.39494514465332
9.836501121520996
9.115333557128906
10.851631164550781
9.092586517333984
11.076996803283691
10.373767852783203
9.656936645507812
10.683952331542969
10.167708396911621
10.19079875946045
10.470428466796875
8.314733505249023
9.007084846496582
10.574389457702637
6.240630626678467
10.330292701721191
11.171117782592773
9.680026054382324
8.970057487487793
9.90034008026123
9.346580505371094
10.36959457397461
9.089354515075684
8.526580810546875
10.910749435424805
8.864943504333496
10.354072570800781
9.780061721801758
10.387273788452148
8.320076942443848
10.180073738098145
8.462926864624023
9.841789245605469
10.808974266052246
8.627392768859863
10.001923561096191
8.454757690429688
9.072296142578125
7.857967376708984
10.01644229888916
11.338896751403809
7.432985782623291
10.544654846191406
10.083019256591797
10.075809478759766
8.532818794250488
9.409222602844238
11.24026107788086
9.719398498535156
9.482563972473145
8.168193817138672
9.480456352233887
5.602707862854004
10.496803283691406
6.78809928894043
7.628995895385742
10.297231674194336
11.126190185546875
8.628421783447266
8.327557563781738
8.973859786987305
10.363435745239258
9.200475692749023
9.850646018981934
9.523944854736328
7.8986735343933105
10.28781795501709
8.958948135375977
10.702062606811523
8.414953231811523
9.722180366516113
9.615402221679688
10.34675121307373
10.046975135803223
9.404313087463379
9.819356918334961
10.972716331481934
9.616680145263672
10.663427352905273
9.051913261413574
9.59943962097168
9.339871406555176
9.938342094421387
9.297597885131836
8.235503196716309
7.7528076171875
10.783644676208496
10.76750659942627
9.23606014251709
9.020730018615723
8.039230346679688
9.088383674621582
9.860933303833008
9.007650375366211
9.846206665039062
8.614697456359863
9.737164497375488
10.18466854095459
8.562220573425293
9.0462646484375
10.441359519958496
9.921452522277832
9.440047264099121
10.899645805358887
10.163822174072266
11.121993064880371
8.977070808410645
8.96661376953125
9.785216331481934
10.908971786499023
9.476484298706055
10.18001937866211
7.967308044433594
10.220962524414062
7.452558994293213
8.893277168273926
10.023609161376953
8.294939041137695
10.12425422668457
11.084626197814941
9.287620544433594
10.097208976745605
8.475545883178711
10.657590866088867
10.502368927001953
10.152795791625977
10.378146171569824
10.976944923400879
7.874938488006592
10.311854362487793
10.368578910827637
8.959071159362793
7.96594762802124
7.046894550323486
10.678115844726562
9.8798828125
10.294198036193848
9.129866600036621
9.642117500305176
11.27326488494873
9.519318580627441
9.82555866241455
10.318391799926758
8.223386764526367
10.486834526062012
10.289373397827148
9.03343677520752
9.08803653717041
9.94804573059082
8.743910789489746
10.109434127807617
8.568937301635742
8.02029037475586
9.873595237731934
10.704960823059082
11.27557373046875
9.911331176757812
10.164294242858887
9.750097274780273
11.245497703552246
9.745155334472656
9.816314697265625
9.406888008117676
8.392948150634766
9.106832504272461
7.865644931793213
8.241048812866211
8.792036056518555
8.868499755859375
10.343375205993652
10.14382553100586
4.029939651489258
9.93651294708252
9.454176902770996
10.456351280212402
10.525857925415039
9.608598709106445
9.578474998474121
9.239577293395996
9.839527130126953
10.789322853088379
9.0706205368042
10.052210807800293
9.736337661743164
8.66434383392334
9.393789291381836
9.807934761047363
10.556241989135742
8.773589134216309
9.655104637145996
8.227774620056152
9.714301109313965
10.89544677734375
8.909759521484375
10.196723937988281
10.277642250061035
8.788189888000488
7.489212512969971
7.471823692321777
11.445979118347168
8.729621887207031
9.584218978881836
11.115581512451172
9.03124713897705
9.62319564819336
6.631441593170166
8.588086128234863
8.553813934326172
7.593286514282227
9.643264770507812
11.044082641601562
9.972857475280762
9.878917694091797
10.205251693725586
9.386606216430664
9.194478988647461
9.792255401611328
10.584858894348145
9.591626167297363
9.333150863647461
9.136427879333496
7.850867748260498
10.568869590759277
9.959318161010742
9.879958152770996
10.929997444152832
10.365767478942871
10.494876861572266
7.60490083694458
9.165474891662598
10.844286918640137
10.108467102050781
8.842682838439941
10.01445484161377
8.863999366760254
10.336830139160156
8.344430923461914
10.966625213623047
8.886481285095215
10.692585945129395
7.567296028137207
11.018736839294434
10.27950382232666
9.996586799621582
10.921907424926758
9.247579574584961
10.806829452514648
10.270279884338379
10.669614791870117
8.652605056762695
8.223763465881348
9.556416511535645
10.878938674926758
8.60752010345459
9.242818832397461
10.249518394470215
9.331236839294434
9.761767387390137
9.205077171325684
10.480254173278809
7.558770656585693
8.508404731750488
11.03455924987793
6.660660743713379
9.194814682006836
9.247706413269043
10.804756164550781
10.94947338104248
8.45886516571045
8.92419147491455
10.627129554748535
10.413829803466797
9.718561172485352
11.480613708496094
9.186904907226562
9.19206428527832
10.247261047363281
8.066622734069824
10.837358474731445
7.062723159790039
7.503193378448486
10.387954711914062
11.003767013549805
8.637453079223633
10.548943519592285
9.810735702514648
11.063084602355957
10.106678009033203
10.992952346801758
7.745746612548828
8.46037769317627
11.070630073547363
11.93034839630127
10.676020622253418
9.026785850524902
8.327720642089844
10.700921058654785
8.072355270385742
9.975065231323242
9.662887573242188
9.091170310974121
10.054864883422852
7.641119956970215
10.345863342285156
8.935351371765137
9.51688289642334
10.432141304016113
10.96447467803955
7.299066066741943
9.754683494567871
9.54277515411377
7.987635135650635
10.325851440429688
8.218127250671387
10.679303169250488
8.208976745605469
10.857758522033691
7.764545440673828
10.235366821289062
10.11512279510498
10.168377876281738
10.47481632232666
10.135514259338379
9.736676216125488
9.690535545349121
10.440652847290039
10.693534851074219
9.68571662902832
8.244294166564941
7.869238376617432
8.502700805664062
8.944421768188477
10.70055103302002
9.061184883117676
8.55354118347168
8.32297420501709
10.576985359191895
10.33741569519043
9.492774963378906
8.865744590759277
10.346007347106934
9.345879554748535
9.423521995544434
9.375601768493652
8.822686195373535
9.154757499694824
8.862060546875
9.929766654968262
10.809850692749023
10.652318954467773
10.014670372009277
9.974189758300781
7.15684175491333
9.987319946289062
8.722555160522461
11.102882385253906
8.445672988891602
9.339774131774902
11.441431045532227
9.117500305175781
7.9053955078125
10.724475860595703
10.746413230895996
11.311756134033203
8.819090843200684
8.315640449523926
9.238716125488281
9.719813346862793
10.489778518676758
10.276323318481445
9.030715942382812
9.185670852661133
10.203255653381348
10.253371238708496
8.68932819366455
10.398130416870117
9.947881698608398
9.178959846496582
10.587692260742188
9.911417961120605
