6.818741798400879
7.521678447723389
6.032714366912842
10.520791053771973
4.965445041656494
7.732926845550537
6.953085422515869
5.0769572257995605
10.197967529296875
8.018670082092285
3.803022623062134
3.5127785205841064
9.574361801147461
6.1290998458862305
8.19980525970459
4.974156856536865
7.899449825286865
10.208294868469238
5.712090969085693
4.642887592315674
7.088469505310059
3.6325221061706543
11.20200252532959
4.869271755218506
7.268955230712891
4.714963436126709
9.150486946105957
9.539283752441406
10.768522262573242
8.773560523986816
7.057430267333984
6.372879981994629
4.658328533172607
11.531076431274414
10.853354454040527
9.240030288696289
7.463624954223633
6.508958339691162
8.38086986541748
11.007123947143555
10.024840354919434
8.951912879943848
6.905291557312012
7.688502788543701
7.066686153411865
6.429293155670166
9.630191802978516
7.444028377532959
8.873270034790039
6.679328441619873
7.983348369598389
3.5547802448272705
8.700372695922852
6.116987228393555
7.797705173492432
10.571693420410156
5.860442638397217
8.096342086791992
7.946630001068115
7.20942497253418
7.318652629852295
7.946775913238525
7.9954118728637695
7.043703556060791
9.796541213989258
5.655807018280029
7.55582857131958
9.809550285339355
8.896439552307129
3.9574317932128906
9.284561157226562
7.020377159118652
9.425439834594727
9.488890647888184
5.759923934936523
9.787586212158203
5.609898567199707
4.483980178833008
8.346668243408203
11.362614631652832
5.145848274230957
9.639364242553711
6.866560459136963
5.18922758102417
4.944576263427734
8.418294906616211
10.184785842895508
8.960495948791504
5.179708003997803
6.965265274047852
8.372329711914062
8.368817329406738
10.119120597839355
9.537518501281738
6.810227870941162
7.686600208282471
12.760706901550293
10.030346870422363
8.915445327758789
5.191498279571533
7.152651309967041
7.222933769226074
9.625667572021484
3.12093186378479
9.850566864013672
5.450113296508789
8.032158851623535
9.333168983459473
8.679189682006836
7.213515758514404
8.866302490234375
10.395417213439941
7.160523414611816
8.133292198181152
10.493271827697754
8.313828468322754
7.54041862487793
4.140548229217529
4.949729919433594
9.645027160644531
7.515333652496338
10.569416046142578
7.399441719055176
7.038168430328369
8.564496994018555
7.8343915939331055
9.081236839294434
7.525041580200195
10.256805419921875
5.029721736907959
8.651939392089844
7.710117340087891
9.099053382873535
6.986711502075195
5.465938568115234
8.369346618652344
8.163244247436523
8.404155731201172
4.918885231018066
3.163360357284546
6.662203311920166
8.978935241699219
10.35604190826416
7.045888900756836
5.042019367218018
5.148415565490723
7.811526775360107
6.829841613769531
7.196041107177734
8.427999496459961
7.349995136260986
3.5557000637054443
7.156876564025879
6.17852783203125
7.2123308181762695
8.238476753234863
9.329119682312012
4.916969299316406
9.772010803222656
8.807117462158203
3.2790136337280273
3.907702684402466
5.4269609451293945
6.9326653480529785
4.0122785568237305
5.079244136810303
5.296575546264648
9.348512649536133
4.832188129425049
4.826297760009766
9.047833442687988
8.883940696716309
3.0438618659973145
5.661993980407715
7.9443840980529785
7.3881916999816895
9.269148826599121
6.267863750457764
8.57480525970459
5.52972936630249
8.968559265136719
8.849242210388184
9.267350196838379
9.100029945373535
7.427570343017578
8.618017196655273
9.995110511779785
5.138904094696045
6.148924827575684
9.217507362365723
6.131832599639893
7.966150760650635
9.673920631408691
7.796317100524902
8.807437896728516
6.662014961242676
8.023652076721191
6.67012357711792
4.335840702056885
9.375869750976562
4.947312355041504
6.7197699546813965
9.886134147644043
4.717236518859863
7.9849677085876465
11.97882080078125
7.882351875305176
5.928607940673828
7.054769039154053
4.185471534729004
6.221287727355957
7.406396865844727
10.467069625854492
8.280034065246582
4.192314624786377
8.83300495147705
3.6839959621429443
6.956152439117432
6.364657878875732
9.237885475158691
5.03196382522583
9.65885066986084
8.34704303741455
6.373506546020508
6.556854248046875
4.43861198425293
8.00220012664795
9.465387344360352
5.477444171905518
8.382939338684082
7.1511688232421875
8.854463577270508
6.0945515632629395
5.615107536315918
6.012786388397217
6.117023944854736
6.758828163146973
9.191889762878418
4.176455974578857
7.367741107940674
11.402734756469727
12.013344764709473
4.720367908477783
5.107098579406738
3.532691717147827
6.68326997756958
12.19843578338623
10.184670448303223
7.566826343536377
8.134150505065918
6.404562950134277
6.55799674987793
3.855384111404419
8.358959197998047
8.67251205444336
6.848408222198486
2.0678181648254395
10.122284889221191
4.506493091583252
9.219596862792969
8.0086030960083
10.112069129943848
7.909038066864014
5.487424373626709
8.084601402282715
5.9836225509643555
2.8289530277252197
5.230250358581543
9.672574996948242
7.994505405426025
6.327821731567383
8.7081298828125
8.114605903625488
8.628113746643066
6.894071578979492
11.72219467163086
8.88860034942627
4.975130558013916
5.811824798583984
10.541038513183594
6.472195625305176
8.100078582763672
9.030245780944824
8.375564575195312
4.537399768829346
5.015035152435303
11.11658763885498
5.105149269104004
7.854697227478027
10.047724723815918
5.430271625518799
8.791104316711426
10.08080005645752
7.418279647827148
4.827197551727295
6.159051895141602
6.618465900421143
12.189403533935547
10.650283813476562
4.902392864227295
8.104447364807129
8.751680374145508
5.74783992767334
6.767475128173828
6.3122334480285645
4.737156867980957
8.009940147399902
8.617859840393066
6.130492687225342
9.119891166687012
1.8280762434005737
8.859895706176758
7.605618000030518
7.020954132080078
8.738297462463379
7.989397048950195
9.771233558654785
9.012499809265137
5.936044216156006
10.025370597839355
4.661582946777344
5.58443546295166
10.792946815490723
8.168832778930664
5.476097106933594
7.288286209106445
6.825009822845459
3.695114850997925
8.679208755493164
5.698289394378662
9.122247695922852
6.438018321990967
6.242116451263428
5.608818054199219
6.827887535095215
5.649612903594971
11.401047706604004
10.841788291931152
8.672340393066406
8.675338745117188
6.988726615905762
9.18734359741211
5.205041408538818
5.0175275802612305
5.160107135772705
9.688681602478027
9.07674789428711
9.490805625915527
7.65442419052124
9.37002944946289
7.875485420227051
6.7713446617126465
9.144806861877441
8.320895195007324
9.238831520080566
6.812324047088623
9.758360862731934
1.9673210382461548
9.408568382263184
3.65867280960083
7.876733779907227
6.0996479988098145
8.248678207397461
8.832107543945312
9.04570198059082
10.093307495117188
6.277720928192139
7.909750938415527
6.634983062744141
8.117176055908203
1.8096672296524048
7.0057830810546875
7.759812831878662
5.609061241149902
5.020174980163574
4.988236427307129
4.963765621185303
7.352540016174316
4.174368381500244
9.487963676452637
5.021629333496094
9.399640083312988
8.942156791687012
4.465980529785156
10.18358325958252
7.653277397155762
10.791685104370117
6.469817161560059
8.182557106018066
2.7917816638946533
5.381818771362305
6.206592559814453
7.1337971687316895
3.8273394107818604
8.230426788330078
7.162081241607666
7.918170928955078
3.7241015434265137
5.793059349060059
6.557558059692383
8.849519729614258
5.620862007141113
3.21066951751709
6.741669178009033
5.661882400512695
5.213674068450928
5.1562819480896
8.361980438232422
5.0994086265563965
7.1178483963012695
11.241024017333984
4.520969390869141
7.5897216796875
3.5892114639282227
10.656394958496094
10.296734809875488
8.446782112121582
6.2345991134643555
6.8336501121521
6.1438517570495605
7.801589488983154
6.528933048248291
9.63670539855957
7.869019508361816
6.2587199211120605
5.035597324371338
8.913019180297852
6.441116809844971
6.642663955688477
7.458698272705078
8.08586597442627
9.001131057739258
5.88959264755249
5.692842960357666
6.283262729644775
5.953272342681885
9.211853981018066
5.407476425170898
6.840806007385254
5.999058246612549
7.150228023529053
9.141738891601562
10.698909759521484
10.904435157775879
3.318248748779297
8.899513244628906
8.334931373596191
8.289958000183105
8.790299415588379
7.760330677032471
4.536101818084717
6.841207981109619
7.593730449676514
0.000731377222109586
10.915453910827637
10.45182991027832
10.666510581970215
6.71000337600708
12.704578399658203
10.055622100830078
8.06563663482666
6.4795098304748535
5.332831382751465
4.372528553009033
4.927850723266602
4.163949012756348
8.416017532348633
6.004467964172363
2.6019067764282227
10.711077690124512
6.832435131072998
7.116543292999268
7.362634658813477
9.185148239135742
9.240257263183594
5.653034210205078
9.432991981506348
10.828566551208496
6.843541622161865
6.699888706207275
8.122672080993652
3.4274790287017822
8.880464553833008
6.896467685699463
7.32904052734375
4.2199296951293945
10.920543670654297
2.817140817642212
10.020611763000488
8.676828384399414
7.407628536224365
7.558149814605713
8.677722930908203
10.554475784301758
9.45322036743164
8.875179290771484
8.512804985046387
8.34026050567627
3.0766475200653076
4.697481155395508
