4.817933559417725
4.82298469543457
4.838061809539795
4.984113693237305
4.530181407928467
3.331827163696289
4.6323723793029785
4.924667835235596
4.747695446014404
5.034529685974121
6.126038551330566
4.461460590362549
5.417429447174072
4.943748474121094
5.097131729125977
3.88484263420105
3.661923885345459
4.358150959014893
4.561577320098877
4.567526340484619
3.7501330375671387
5.132956027984619
3.7583703994750977
4.459819316864014
4.248387336730957
4.077385425567627
3.9433984756469727
4.021039962768555
4.501258850097656
5.225625991821289
4.603348255157471
4.613572120666504
4.785219669342041
4.5321269035339355
3.947530508041382
3.5637314319610596
4.561007499694824
4.506107330322266
4.3086371421813965
5.3829264640808105
4.178839683532715
3.1150288581848145
4.150554180145264
4.840378761291504
3.6199915409088135
3.999103307723999
4.648022651672363
4.229279041290283
4.395483493804932
3.912567615509033
5.339935779571533
5.326107501983643
4.018922805786133
3.5971150398254395
4.101486682891846
3.72845721244812
4.790621757507324
2.596906900405884
4.345938205718994
3.538892984390259
4.6244893074035645
4.657936096191406
3.3733103275299072
4.666241645812988
3.603562831878662
4.9929986000061035
4.421255588531494
3.8085803985595703
3.8646347522735596
4.427572727203369
3.041717290878296
3.9481592178344727
3.5960946083068848
4.176211833953857
4.828949451446533
4.447373390197754
3.2800095081329346
4.1443352699279785
3.8030807971954346
4.807324409484863
4.034004211425781
4.200183391571045
3.6771090030670166
5.206550598144531
5.172510623931885
4.469074249267578
2.9576802253723145
3.895869255065918
5.220837116241455
6.406248569488525
5.724562644958496
5.7137956619262695
3.3260788917541504
4.959672927856445
4.373740196228027
4.099030494689941
3.7899293899536133
3.137708902359009
4.017266273498535
4.581867218017578
