3.9121201038360596
4.117055892944336
5.9485554695129395
4.176890850067139
3.99180269241333
3.0779526233673096
4.4116010665893555
3.321279287338257
4.756892204284668
4.935762405395508
3.1781809329986572
5.926074504852295
6.742627143859863
4.054225444793701
5.0587663650512695
4.258572101593018
5.402761936187744
4.299358367919922
5.035860538482666
3.7981088161468506
4.987788677215576
6.151196479797363
4.2795209884643555
5.244974136352539
5.7693328857421875
3.758756637573242
4.030909061431885
3.903641939163208
3.9573447704315186
5.181146621704102
4.376827716827393
4.074995040893555
5.817902088165283
4.052376747131348
6.196939468383789
3.7937052249908447
5.99164342880249
4.6790924072265625
5.227652072906494
3.915837526321411
4.323586463928223
3.8487117290496826
4.487417221069336
4.118504524230957
3.7075207233428955
5.235497951507568
5.269697189331055
4.236852169036865
4.260319232940674
3.848479986190796
4.444494247436523
4.318969249725342
4.379887104034424
5.060331344604492
4.896879196166992
4.34968900680542
4.20732307434082
4.126129627227783
4.392299175262451
4.20041036605835
3.9909026622772217
3.7049829959869385
4.064834117889404
5.103311061859131
5.298344135284424
3.568019390106201
4.169005393981934
4.695972442626953
4.533383369445801
5.6963605880737305
4.649805545806885
3.1722991466522217
5.858114719390869
4.284653186798096
3.6751937866210938
4.358659267425537
4.079528331756592
6.506455421447754
4.6612467765808105
4.499772548675537
3.3046679496765137
3.9344606399536133
4.070346832275391
3.2267253398895264
4.672481536865234
3.443263530731201
5.160384178161621
5.045190334320068
3.6914405822753906
4.716126441955566
6.359167575836182
3.8782904148101807
4.686931133270264
5.309619903564453
4.175869464874268
4.490251541137695
3.703138589859009
3.14544939994812
3.1453230381011963
4.310085773468018
