3.9359049797058105
4.697453022003174
5.001463413238525
4.934449672698975
3.6940462589263916
4.43558931350708
6.240861892700195
3.285133123397827
3.437871217727661
3.154906749725342
2.8573203086853027
3.066457509994507
4.149111270904541
6.308796405792236
2.3765246868133545
6.100672721862793
4.060696601867676
3.748872995376587
3.5009708404541016
6.612755298614502
3.965101718902588
4.588830471038818
3.2577450275421143
2.8982887268066406
2.465675115585327
2.8276891708374023
4.562500953674316
5.684473514556885
4.059967517852783
3.169851779937744
4.053221702575684
3.891620397567749
2.275068521499634
3.9547007083892822
5.224396228790283
4.215561389923096
3.041853427886963
3.978212594985962
4.363708019256592
2.7177958488464355
4.425311088562012
4.315173625946045
2.380046844482422
2.5332860946655273
4.025942325592041
3.8565967082977295
2.2639694213867188
4.948108196258545
4.935227394104004
4.993901252746582
6.209552764892578
2.1640610694885254
2.7175869941711426
3.3536112308502197
2.6012065410614014
2.4948325157165527
2.220763921737671
3.9116952419281006
3.9938127994537354
2.0236926078796387
5.004495143890381
5.2035932540893555
3.0836069583892822
3.8255786895751953
5.30050802230835
3.635169744491577
4.562688827514648
2.390777587890625
3.3894028663635254
1.7330716848373413
4.261082649230957
4.589877128601074
2.8241686820983887
4.117236614227295
3.7988815307617188
2.500131130218506
4.523938179016113
2.809657096862793
3.7522518634796143
2.7317614555358887
3.0040063858032227
5.419223308563232
3.610102653503418
4.607767105102539
3.1839165687561035
4.418523788452148
5.053774833679199
4.133131980895996
2.281806707382202
4.159930229187012
4.549630641937256
3.33166241645813
3.8897719383239746
3.6375396251678467
4.532416820526123
3.3367419242858887
2.2596328258514404
4.325931072235107
2.710519313812256
2.382002115249634
