-0.30324381589889526
1.5261791944503784
2.0751466751098633
2.6916191577911377
-0.24984480440616608
1.382530927658081
1.0886154174804688
-0.1687735915184021
-0.4961780905723572
2.293231248855591
-0.6874412298202515
2.872607707977295
2.1660685539245605
-0.002938810968771577
0.48312607407569885
2.81536865234375
0.5638126730918884
-0.17245176434516907
2.028181552886963
-0.19204863905906677
1.5010724067687988
0.5529981851577759
-0.04588610306382179
0.36712607741355896
2.7417516708374023
0.825241208076477
1.1581448316574097
2.232367753982544
-0.5497488379478455
0.6725755333900452
2.079120635986328
1.3916767835617065
0.1382903903722763
2.1262378692626953
2.367478847503662
0.5091411471366882
1.4188777208328247
2.1998627185821533
1.159115195274353
1.0889173746109009
0.6392828226089478
0.7603656053543091
2.557985782623291
2.5212204456329346
0.4013165235519409
1.9120805263519287
0.16281293332576752
1.8489067554473877
3.1674716472625732
2.252847194671631
2.5717098712921143
0.13913224637508392
2.164355516433716
0.819710910320282
1.7816463708877563
1.5514168739318848
-0.669781506061554
0.5656678080558777
1.879076600074768
0.7072708010673523
-0.09003984183073044
1.3425112962722778
0.16002653539180756
3.9061264991760254
1.182599663734436
1.9453210830688477
2.2734718322753906
1.69916832447052
0.523444414138794
1.5996042490005493
-0.9786661267280579
0.10659363120794296
-0.23147772252559662
1.7321339845657349
1.1120680570602417
0.757487416267395
1.6162514686584473
0.8108958005905151
-0.43144842982292175
1.0398527383804321
1.0126410722732544
1.953851342201233
0.9732173681259155
0.7792997360229492
-0.355063259601593
2.0662856101989746
0.6585167646408081
0.9793829321861267
1.5396069288253784
0.5188193321228027
0.6640365719795227
1.777700662612915
2.708908796310425
-0.11544746905565262
3.2953479290008545
0.41794252395629883
1.0611647367477417
0.6395522952079773
0.6459558010101318
2.175520896911621
0.8786177635192871
1.1034544706344604
0.5478801727294922
3.7295892238616943
-0.2535117268562317
2.279240846633911
0.8290385007858276
0.7591357827186584
1.1405078172683716
1.1105737686157227
-1.4756437540054321
1.1432547569274902
0.4244307577610016
0.7774498462677002
1.0898303985595703
1.1281187534332275
1.7772650718688965
0.6866084933280945
-0.04698549956083298
1.8245232105255127
0.6961414813995361
0.05058710649609566
0.06317609548568726
0.7116870284080505
0.7241933345794678
-0.11378825455904007
0.9108283519744873
1.9962574243545532
1.6263049840927124
1.6642670631408691
1.9896496534347534
1.0725150108337402
0.17693179845809937
0.5237438678741455
-1.4221978187561035
0.23820218443870544
1.1118253469467163
0.7628092765808105
-0.05714159831404686
1.5042104721069336
1.419609785079956
0.3889862298965454
0.6637936234474182
1.667708396911621
0.47876501083374023
1.630030632019043
1.4125721454620361
0.344102680683136
1.9331722259521484
0.1498378962278366
1.3117375373840332
0.5425276160240173
0.570770263671875
2.7990458011627197
1.1079527139663696
1.9105638265609741
1.6366227865219116
1.2760896682739258
0.7812162637710571
0.5354654788970947
0.9145484566688538
1.4267271757125854
2.0419201850891113
1.3492958545684814
0.4198722541332245
0.7720628976821899
2.4371674060821533
0.2939891219139099
1.9414516687393188
-0.6569070816040039
1.033302903175354
0.917243242263794
0.06281038373708725
1.2742244005203247
-0.8946608901023865
-0.7824451923370361
0.5155234932899475
0.19879457354545593
0.23365020751953125
1.7106478214263916
0.7708210349082947
0.9121087789535522
0.465695858001709
1.143454909324646
1.379978060722351
0.5920658111572266
1.0533956289291382
0.26095542311668396
2.3803372383117676
2.0489323139190674
2.8956427574157715
3.048058032989502
0.9652544260025024
-0.47163280844688416
1.4440656900405884
-1.118869662284851
0.2647894322872162
1.4207994937896729
1.7969380617141724
-0.31958234310150146
1.7377986907958984
2.2478156089782715
1.9450045824050903
1.422818899154663
1.3561015129089355
0.30232545733451843
1.9548531770706177
1.4263602495193481
0.20726639032363892
1.8889272212982178
1.5629360675811768
2.202733278274536
2.115234375
-0.003034807974472642
1.703305959701538
0.03144993633031845
2.827120304107666
2.4905717372894287
2.1244683265686035
0.09591786563396454
1.181526780128479
0.5425078868865967
0.2478417456150055
2.337770700454712
1.9780117273330688
0.5743386149406433
1.5829803943634033
0.6984804272651672
0.7027395963668823
0.5289470553398132
0.12570567429065704
-0.2516895532608032
0.11432621628046036
1.0401345491409302
-0.0987464115023613
0.7221468091011047
0.517081618309021
1.5320922136306763
0.3435380756855011
2.722522020339966
0.5714018940925598
-0.5993714332580566
-0.30954498052597046
1.7131010293960571
0.7598419189453125
0.7355202436447144
1.3523207902908325
1.1011923551559448
-0.12720991671085358
1.1279494762420654
0.8019374012947083
0.8593787550926208
1.857466459274292
2.730363130569458
1.3517646789550781
0.6685294508934021
-0.1615355759859085
0.2341199815273285
1.8047810792922974
3.0586295127868652
1.3453809022903442
-0.22285805642604828
2.016747236251831
0.3070654273033142
1.88345468044281
1.289939522743225
-0.09933849424123764
1.784102439880371
1.7691385746002197
0.12481768429279327
0.39235416054725647
-0.11559811979532242
1.6701133251190186
1.8834123611450195
1.0869654417037964
1.1115731000900269
2.328856945037842
1.2353849411010742
1.7290942668914795
-0.09488597512245178
0.7558884620666504
0.9863325357437134
0.7963221669197083
2.643092393875122
1.7953933477401733
0.8665277361869812
-0.030455641448497772
3.029191255569458
1.7578219175338745
1.2187215089797974
1.1067196130752563
-0.12931174039840698
1.3916682004928589
0.9573437571525574
1.1096289157867432
1.305607557296753
0.7067173719406128
-0.8257312178611755
0.8395035266876221
1.491921305656433
2.023639678955078
0.5270736217498779
1.094404935836792
1.1349437236785889
1.8762505054473877
0.6845802664756775
1.7899675369262695
1.349997639656067
2.1409170627593994
2.275959014892578
-0.030304299667477608
3.4912471771240234
0.819119393825531
1.5196855068206787
0.6797214150428772
0.1377694010734558
1.098710298538208
1.214421033859253
1.56742262840271
1.9332857131958008
1.4303004741668701
0.03807077929377556
1.1438031196594238
0.02000763826072216
1.9016239643096924
1.285003900527954
0.19409140944480896
0.704852283000946
1.6490336656570435
2.4856855869293213
1.17409348487854
0.8858548402786255
1.771750569343567
2.628460168838501
-0.8522641062736511
-0.41133973002433777
0.27766236662864685
1.3524901866912842
2.4466166496276855
1.712945580482483
0.8122596144676208
0.8206818103790283
2.514650821685791
1.8243672847747803
1.5657155513763428
1.60659921169281
2.5280051231384277
0.9360703825950623
1.1645760536193848
1.1754759550094604
1.6600637435913086
2.9378161430358887
0.07665485888719559
1.945255994796753
2.027667284011841
0.688719630241394
1.619645595550537
3.5995638370513916
0.4432700574398041
0.7044468522071838
1.5381830930709839
-0.6068437099456787
1.3312251567840576
1.4188662767410278
1.9440395832061768
0.01852106861770153
1.8795467615127563
-0.28345683217048645
2.4745841026306152
0.8759613037109375
1.4455384016036987
2.390052318572998
0.1921277791261673
1.7499288320541382
1.482515573501587
0.5855447053909302
0.45294344425201416
0.9168437123298645
2.6264266967773438
1.2602585554122925
-0.5514398217201233
-0.08433498442173004
1.3111159801483154
1.347050428390503
0.0623021200299263
1.9520493745803833
2.1351425647735596
2.2189059257507324
0.32766401767730713
1.4036316871643066
2.930899143218994
2.1060802936553955
2.033234119415283
2.119673728942871
1.1915009021759033
1.387366771697998
1.511146068572998
0.12945406138896942
0.26402679085731506
-0.21050547063350677
1.8668115139007568
0.6844529509544373
0.41330888867378235
0.04481664299964905
-0.15628774464130402
1.2469772100448608
0.3313367962837219
0.19998988509178162
-0.37227925658226013
2.6267824172973633
0.3582852780818939
0.7431500554084778
3.15224027633667
1.7222844362258911
-0.05121093988418579
0.30492138862609863
0.10254741460084915
0.18092335760593414
3.5230181217193604
1.563183069229126
-0.8074376583099365
0.8261231184005737
2.199716329574585
0.3654647469520569
1.158509373664856
0.7452006340026855
1.8345052003860474
2.3876943588256836
-0.3188067078590393
0.05057356506586075
2.3853707313537598
1.4109246730804443
1.9880131483078003
2.4241535663604736
2.808861255645752
0.8120980262756348
1.7723137140274048
0.736110508441925
1.337861180305481
2.046309471130371
0.8873007297515869
1.0937825441360474
-0.7210093140602112
0.4038814306259155
2.2258195877075195
0.3902795612812042
0.8601845502853394
1.0001312494277954
1.9741345643997192
0.8087198138237
1.5021950006484985
0.6229296922683716
0.6364149451255798
3.8546180725097656
1.2882483005523682
-0.05094269663095474
1.0221387147903442
0.1694050431251526
2.2367496490478516
1.6202244758605957
0.8683396577835083
1.270078420639038
1.156599760055542
1.62799870967865
1.3349080085754395
0.959140419960022
1.5494253635406494
1.0181493759155273
0.8430525064468384
1.5237772464752197
0.5557972192764282
1.8842090368270874
1.6962032318115234
1.2220367193222046
0.14601962268352509
0.7901232242584229
1.857269287109375
2.2326717376708984
1.222743034362793
3.1898186206817627
0.7639068961143494
-0.9332037568092346
1.653017282485962
2.9809062480926514
1.2885690927505493
-0.0918964296579361
1.8138747215270996
0.06897949427366257
0.5551520586013794
1.5832802057266235
1.6092814207077026
0.9120813012123108
0.6070831418037415
1.6580041646957397
1.7026699781417847
1.6115635633468628
2.657996892929077
1.3921431303024292
0.7090312838554382
1.9904484748840332
