5.000910758972168
5.345250129699707
6.031645774841309
3.776251792907715
3.650824546813965
3.869148015975952
3.8460636138916016
4.258352279663086
4.295963287353516
5.665381908416748
3.116452217102051
4.3622846603393555
4.026474475860596
5.0828857421875
3.8152050971984863
4.556474208831787
2.9713995456695557
4.270175933837891
4.476955890655518
3.940361499786377
4.175837993621826
4.540774822235107
4.960273742675781
2.9945971965789795
4.066848278045654
4.284585952758789
4.598537921905518
3.388554573059082
2.5380663871765137
3.68359637260437
4.2342753410339355
3.236463785171509
5.363152980804443
5.21897029876709
3.9652836322784424
5.951793670654297
4.820642471313477
3.8430380821228027
4.534540176391602
4.05502986907959
4.206377983093262
4.225905895233154
4.012943267822266
5.208623886108398
4.608630180358887
3.325073003768921
4.68064022064209
3.888629198074341
3.9591050148010254
4.243338108062744
3.4352633953094482
2.227670907974243
3.461101531982422
4.336894512176514
4.191720008850098
5.486860752105713
3.1822946071624756
3.6728157997131348
4.287566661834717
3.003767490386963
4.220550060272217
4.0872273445129395
3.9334347248077393
2.803558349609375
4.3656182289123535
4.447799205780029
4.766860485076904
6.348692417144775
3.8939080238342285
6.13068962097168
5.2252516746521
3.7457733154296875
3.8449442386627197
6.301391124725342
4.384028434753418
2.2875874042510986
3.4295260906219482
4.359714508056641
3.9104526042938232
4.5787739753723145
4.8935394287109375
4.902416229248047
4.033681869506836
5.466466426849365
5.712974548339844
2.2705183029174805
4.039102077484131
3.464036226272583
3.1697230339050293
6.415997505187988
4.137314319610596
2.140627145767212
3.8029353618621826
4.701554298400879
3.67728853225708
3.978912353515625
4.107576370239258
4.793976783752441
5.321594715118408
4.853476524353027
4.553055763244629
5.170612812042236
3.151148557662964
3.783165693283081
3.3398971557617188
4.433609485626221
3.862377643585205
3.5932130813598633
3.202817440032959
2.9557409286499023
4.989030361175537
3.2686116695404053
6.469757080078125
3.6685311794281006
3.7133774757385254
3.626899480819702
2.8424570560455322
3.523994207382202
4.456223964691162
3.7126076221466064
3.786451816558838
3.650087594985962
4.550418376922607
4.453235626220703
4.490252494812012
4.2468671798706055
3.5797533988952637
5.046833515167236
3.7572574615478516
4.6119160652160645
4.847125053405762
5.0897908210754395
4.779189586639404
2.489755868911743
2.3431851863861084
2.6085171699523926
4.5733208656311035
5.119481563568115
3.392648696899414
3.7124643325805664
3.6329541206359863
5.350431442260742
4.668554782867432
3.3203179836273193
3.6472055912017822
5.899868965148926
3.0732264518737793
3.0420398712158203
4.863248825073242
5.369054317474365
4.649047374725342
5.92017126083374
5.01969051361084
2.6864089965820312
4.479348182678223
3.9068644046783447
4.584067344665527
3.7689967155456543
3.2281382083892822
3.033984661102295
4.742476463317871
5.647577285766602
4.035035610198975
5.159365177154541
5.049394607543945
5.164660930633545
5.748457431793213
4.1310858726501465
4.728713512420654
3.223721981048584
5.587944984436035
4.181534290313721
4.031413555145264
6.233104705810547
5.6697587966918945
3.9355950355529785
3.7343108654022217
3.3453216552734375
7.503742694854736
4.600381374359131
4.501436233520508
3.966569185256958
4.355139255523682
3.965980291366577
4.849610328674316
5.8137407302856445
5.596855640411377
5.217897891998291
3.544154644012451
5.047675132751465
4.7303466796875
4.646823406219482
4.937570571899414
5.617779731750488
4.566129207611084
2.674316883087158
4.270529270172119
4.186977863311768
4.644275188446045
3.099999189376831
4.163355827331543
4.600462436676025
4.8633551597595215
4.575119972229004
5.857061386108398
4.7650146484375
3.2062911987304688
6.805366516113281
5.099134922027588
4.800384998321533
4.0069050788879395
5.068612098693848
4.61613655090332
4.495948314666748
3.67893648147583
5.205822944641113
4.891719818115234
4.069536209106445
4.068997383117676
3.5724740028381348
4.124698162078857
3.3849716186523438
5.072364330291748
5.27923583984375
3.512051582336426
4.45051383972168
4.347467422485352
5.4111480712890625
4.7344231605529785
6.14137077331543
4.894183158874512
5.329790115356445
4.909475803375244
4.8705973625183105
4.764115333557129
4.278687477111816
3.484609365463257
3.361151933670044
4.038592338562012
5.5582709312438965
5.208539009094238
4.625672340393066
3.297712564468384
4.614143371582031
4.439602851867676
2.9667468070983887
1.5120078325271606
4.412385940551758
4.2941436767578125
4.722592353820801
4.489442825317383
3.5695369243621826
4.589853763580322
3.9250142574310303
3.3926563262939453
4.591702461242676
3.9197943210601807
7.903280735015869
3.7779109477996826
4.131199836730957
3.6191837787628174
3.8237459659576416
5.509676933288574
5.465064525604248
3.3525874614715576
6.344656944274902
3.942270517349243
3.589165210723877
3.5024285316467285
3.9853174686431885
5.713281631469727
3.872264862060547
3.480217695236206
3.0054402351379395
3.3173670768737793
4.511748790740967
5.1440749168396
2.875356912612915
3.0805482864379883
5.402313709259033
3.980214834213257
4.503433704376221
2.472249746322632
4.211246013641357
4.817768573760986
3.951747417449951
3.901498317718506
5.333461284637451
4.119607925415039
4.638345718383789
4.256266117095947
3.7690277099609375
3.633023738861084
5.724722862243652
3.2723300457000732
5.5890936851501465
6.815537929534912
4.122332572937012
4.667252540588379
2.7648534774780273
3.865241050720215
1.9207627773284912
2.591318130493164
2.5566225051879883
5.800436019897461
4.5549163818359375
4.604128837585449
3.7028183937072754
4.481744289398193
3.9539287090301514
1.4437670707702637
5.1878838539123535
4.0093231201171875
4.351699352264404
4.857086181640625
3.6494598388671875
2.0360867977142334
4.931478023529053
2.9279773235321045
5.430605888366699
4.997971534729004
4.4823317527771
3.785932779312134
4.57261323928833
2.260901689529419
4.954433917999268
4.816863059997559
2.1160178184509277
4.9716949462890625
4.3653130531311035
2.8092660903930664
3.9104671478271484
4.703502655029297
4.664613723754883
3.7636890411376953
5.039308071136475
5.720138072967529
4.703386306762695
3.8387703895568848
4.8939056396484375
3.4870424270629883
6.008815765380859
4.235891819000244
4.515183448791504
6.115179061889648
4.914198875427246
4.928495407104492
4.22196626663208
3.7401721477508545
5.237810134887695
3.5994434356689453
6.131626129150391
4.947284698486328
5.072912216186523
2.5532002449035645
3.40657377243042
5.031710147857666
5.035295486450195
3.647369384765625
4.306994915008545
2.9692542552948
4.440542697906494
4.933164119720459
4.372410774230957
3.2548489570617676
5.090869426727295
2.2757647037506104
4.10548734664917
3.4981906414031982
4.619821071624756
5.210425853729248
4.854040622711182
2.692366600036621
3.3778271675109863
4.43455171585083
4.658381462097168
4.514453887939453
5.478592395782471
5.05698823928833
5.275344371795654
5.532863140106201
5.199764728546143
4.500734329223633
3.962911367416382
4.949216365814209
5.45172119140625
3.3994998931884766
4.022552967071533
4.291195392608643
5.488799571990967
5.329817771911621
3.8633530139923096
5.279125213623047
3.6615288257598877
4.740720748901367
4.03244686126709
4.197190761566162
4.239980220794678
0.8985411524772644
4.301743507385254
5.161673069000244
5.935792446136475
4.960449695587158
5.280059337615967
3.8224780559539795
4.320191860198975
4.078251838684082
3.4323527812957764
4.542801380157471
5.377504825592041
3.00124192237854
6.250513076782227
2.957106590270996
4.454307556152344
3.099980592727661
4.266057014465332
4.621220588684082
4.868803024291992
4.390811443328857
3.221672534942627
4.8478264808654785
3.6932976245880127
6.4925007820129395
4.083898067474365
3.784838914871216
4.21485710144043
2.9179375171661377
5.188540458679199
5.292821407318115
4.732199192047119
4.388000965118408
4.7029876708984375
3.5308451652526855
4.252244472503662
5.147671222686768
5.194681644439697
5.6724700927734375
5.704817771911621
4.795012950897217
5.470799446105957
3.91856050491333
4.34783411026001
3.722139596939087
5.363183498382568
3.399911880493164
3.7570159435272217
4.743744373321533
3.7064530849456787
4.029286861419678
2.8288590908050537
4.609193325042725
4.978340148925781
4.341392993927002
3.7702243328094482
5.24225378036499
4.260319232940674
3.708224296569824
5.232402801513672
3.106635093688965
5.11172342300415
4.210154056549072
5.120034694671631
4.9036664962768555
4.826418399810791
5.147996425628662
3.5109100341796875
5.677649021148682
5.679063320159912
4.296206951141357
3.9903247356414795
4.485193729400635
5.141415596008301
4.037457466125488
3.115422487258911
4.704663276672363
3.930030107498169
4.776013374328613
3.7959041595458984
3.6572763919830322
2.964689254760742
3.6770520210266113
4.2035346031188965
2.9468307495117188
3.7844223976135254
3.831820249557495
3.6366968154907227
5.309933185577393
6.161529064178467
2.4209046363830566
3.771632194519043
3.2544054985046387
5.020451068878174
4.667036056518555
3.3341784477233887
3.5057919025421143
4.918287754058838
3.691739559173584
4.320458889007568
4.660859107971191
5.489020347595215
