4.782612323760986
5.362027168273926
5.602022171020508
3.583425283432007
3.5185418128967285
3.4745631217956543
3.4915010929107666
4.2135491371154785
4.068422317504883
5.288396835327148
2.906079053878784
4.047828197479248
4.078489780426025
4.937044143676758
3.8319175243377686
4.320032596588135
2.98038911819458
4.152127265930176
4.25446891784668
3.8014163970947266
3.810786724090576
4.318202495574951
4.634189605712891
2.8557660579681396
3.8680388927459717
4.048336029052734
4.178548336029053
3.3116378784179688
2.5182762145996094
3.767949342727661
4.0850982666015625
3.064366102218628
5.235809803009033
5.251986503601074
3.760957956314087
5.726213455200195
4.549432754516602
3.787055253982544
4.280470371246338
4.032244682312012
4.064742088317871
4.085845947265625
3.78603196144104
4.972599029541016
4.380186080932617
3.4173858165740967
4.477874279022217
3.7235283851623535
3.8609368801116943
4.101563453674316
3.194450616836548
2.1246273517608643
3.5436112880706787
4.025974273681641
4.114520072937012
5.60866117477417
3.2458903789520264
3.4543581008911133
4.033602714538574
2.939201831817627
4.108865261077881
4.086403846740723
3.698822498321533
2.5394701957702637
4.210141658782959
4.253504753112793
4.67401647567749
5.983339786529541
3.5584664344787598
5.9844183921813965
4.86094856262207
3.456956148147583
3.5152010917663574
6.226315021514893
4.254854202270508
2.2270822525024414
3.1980504989624023
4.139136791229248
3.856867790222168
4.2811689376831055
4.904568195343018
4.876894474029541
3.904966354370117
5.367574691772461
5.60656213760376
2.20902681350708
3.8748583793640137
3.6990509033203125
3.105675458908081
6.2385029792785645
3.7464637756347656
2.04209303855896
3.73409104347229
4.529454231262207
3.585517168045044
3.945004940032959
4.133779525756836
4.564366340637207
4.930001735687256
4.596975326538086
4.452025890350342
5.083244323730469
2.861407518386841
3.830390691757202
3.2928130626678467
4.425889015197754
3.5865275859832764
3.4639551639556885
3.043945789337158
2.941704511642456
4.9815449714660645
3.0893466472625732
5.869965553283691
3.5546021461486816
3.5510711669921875
3.4719011783599854
3.0417532920837402
3.3414268493652344
4.309760570526123
3.7389519214630127
3.574097156524658
3.698810338973999
4.482203960418701
4.219666481018066
4.294345378875732
4.128329277038574
3.457390546798706
4.784329891204834
3.53623628616333
4.423207759857178
4.438371181488037
4.8107757568359375
4.701967239379883
2.5450375080108643
2.2834482192993164
2.49166202545166
4.443488121032715
4.8545942306518555
3.3559954166412354
3.6158878803253174
3.646840810775757
5.202608585357666
4.28074312210083
3.133066177368164
3.5541634559631348
5.388294219970703
2.8958349227905273
2.9647746086120605
4.737424850463867
5.028840065002441
4.6194610595703125
5.512087345123291
4.693472862243652
2.740478277206421
4.237072944641113
3.6834676265716553
4.390153884887695
3.6940438747406006
3.1357669830322266
2.9747345447540283
4.718766212463379
5.534177780151367
3.9250082969665527
4.822845458984375
4.851638317108154
4.900566577911377
5.22680139541626
3.9558022022247314
4.547163009643555
3.00559139251709
5.37933349609375
3.992013454437256
3.7955238819122314
5.863452911376953
5.2589616775512695
3.721774101257324
3.563758611679077
3.527815103530884
7.0435791015625
4.398963451385498
4.387580871582031
4.04003381729126
4.165212631225586
4.1129679679870605
4.475654602050781
5.137914180755615
5.464297771453857
4.755143165588379
3.364403486251831
4.7651238441467285
4.326191425323486
4.423269271850586
4.694105625152588
5.210472106933594
4.435857772827148
2.709286689758301
4.164974689483643
4.077542304992676
4.458309173583984
2.992151975631714
4.023021697998047
4.4105730056762695
4.820158004760742
4.2897796630859375
5.451188087463379
4.5025529861450195
3.088179588317871
6.59126091003418
4.8797407150268555
4.423176288604736
3.6761889457702637
4.797614097595215
4.59025764465332
4.276691913604736
3.640475034713745
4.837041854858398
4.619834899902344
3.924347400665283
3.782839775085449
3.431192398071289
4.047544002532959
3.269171714782715
4.734129428863525
5.298192501068115
3.254767894744873
4.166439533233643
4.189246654510498
5.100335597991943
4.604998588562012
6.106306076049805
4.600979804992676
5.125665664672852
4.626208782196045
4.63807487487793
4.611837387084961
4.1308979988098145
3.481106758117676
3.2812230587005615
3.736250162124634
5.61517333984375
4.854582786560059
4.591737747192383
3.166761875152588
4.3008832931518555
4.356760501861572
2.7990200519561768
1.4713640213012695
4.235615253448486
4.213420391082764
4.549384117126465
4.4586501121521
3.5241000652313232
4.3847455978393555
3.6575188636779785
3.3076066970825195
4.363763332366943
3.9356844425201416
7.075229644775391
3.545912027359009
3.867394208908081
3.7447128295898438
3.5769877433776855
5.31463623046875
5.063425064086914
3.1654374599456787
5.824468612670898
3.858771562576294
3.5800936222076416
3.172297477722168
3.802335739135742
5.388134002685547
3.9289746284484863
3.2811291217803955
2.9695093631744385
3.1964807510375977
4.567532062530518
5.025517463684082
2.6253507137298584
3.0636911392211914
4.973168849945068
4.0486249923706055
4.397280216217041
2.495720148086548
4.220258712768555
4.6648993492126465
3.9030542373657227
3.9367587566375732
5.033860206604004
4.114476203918457
4.325165271759033
4.271584987640381
3.6198315620422363
3.4179322719573975
5.727847576141357
3.272362470626831
5.354940891265869
6.471229076385498
3.949659824371338
4.484207630157471
2.67984676361084
3.760944128036499
1.8416203260421753
2.4951183795928955
2.5845773220062256
5.645562171936035
4.434309005737305
4.281299114227295
3.5164408683776855
4.32271671295166
3.7578694820404053
1.4837323427200317
5.018170356750488
3.9817986488342285
4.231217861175537
4.8201141357421875
3.4164657592773438
2.0023133754730225
4.8287787437438965
2.9718306064605713
5.1867170333862305
4.966995716094971
4.408807277679443
3.6798136234283447
4.223263263702393
2.144486427307129
5.040323257446289
4.7065277099609375
2.1311557292938232
4.740250587463379
4.094705581665039
2.617449998855591
3.7514047622680664
4.388193607330322
4.4711713790893555
3.832364559173584
4.873266696929932
5.3892974853515625
4.552314758300781
3.469101667404175
4.744155406951904
3.422335624694824
5.783732891082764
3.995614528656006
4.25931453704834
5.933234691619873
4.712745666503906
4.853736877441406
4.085104465484619
3.5673089027404785
4.961693286895752
3.5572543144226074
5.647408962249756
4.596673488616943
4.900953769683838
2.7018144130706787
3.3240418434143066
4.739572048187256
4.806924819946289
3.6987597942352295
4.250248432159424
2.830023765563965
4.165592670440674
4.553779602050781
4.158296585083008
3.244748592376709
4.818515777587891
2.049525260925293
4.033973693847656
3.3033692836761475
4.219447135925293
5.178955554962158
4.635164737701416
2.4283878803253174
3.28395676612854
4.322387218475342
4.381917953491211
4.387901306152344
5.1594696044921875
4.907331466674805
5.11931037902832
5.349351406097412
4.9996657371521
4.3563079833984375
3.9073731899261475
4.8780059814453125
4.949859142303467
3.358166456222534
3.7328991889953613
4.230373382568359
5.176079273223877
5.174576282501221
3.629044771194458
5.2952752113342285
3.5022542476654053
4.657486915588379
3.786817789077759
3.9035677909851074
4.3664751052856445
0.9786311984062195
4.145644664764404
4.80506706237793
5.586085319519043
4.958632469177246
5.271528244018555
3.826076030731201
4.002510070800781
3.806325674057007
3.2240548133850098
4.3634514808654785
5.0620808601379395
2.898211717605591
6.314423084259033
2.8477394580841064
4.206098556518555
3.258242130279541
4.143846035003662
4.244626998901367
4.68934965133667
4.516613006591797
3.217569589614868
4.5641913414001465
3.632417917251587
6.099517345428467
3.8116672039031982
3.8045833110809326
4.177986145019531
2.7725911140441895
4.963119029998779
5.123983383178711
4.368663311004639
4.360320568084717
4.478420257568359
3.411672592163086
4.281022071838379
4.947404861450195
4.92014741897583
5.548420429229736
5.657510280609131
4.520534038543701
5.006545543670654
4.023157596588135
4.104657173156738
3.596646785736084
5.0100531578063965
3.3625261783599854
3.4747560024261475
4.639132499694824
3.404472827911377
3.8823797702789307
2.686452627182007
4.201953411102295
4.590907096862793
3.960103750228882
3.6833016872406006
4.996524810791016
4.087068557739258
3.4079506397247314
4.976644039154053
3.126070976257324
4.844983100891113
4.200517654418945
4.929110050201416
4.7404937744140625
4.70501708984375
4.899482727050781
3.2809560298919678
5.443781852722168
5.49267578125
4.129183292388916
3.725555896759033
4.341881275177002
4.917269229888916
3.960946559906006
2.90059494972229
4.385765552520752
3.8762552738189697
4.737409591674805
3.5686075687408447
3.4940311908721924
2.9527621269226074
3.3366565704345703
3.980560302734375
2.7590067386627197
3.55146861076355
3.687852382659912
3.553147077560425
5.132612228393555
5.707432270050049
2.745854616165161
3.7043213844299316
3.0953028202056885
4.5774641036987305
4.382021427154541
3.1315577030181885
3.5848796367645264
5.143594741821289
3.927706718444824
4.056885719299316
4.668984413146973
5.369441509246826
