-0.07589992135763168
1.8658757209777832
1.8742059469223022
2.7861340045928955
-0.24076096713542938
1.109083890914917
1.0312258005142212
-0.32118257880210876
-0.44159436225891113
2.389437198638916
-0.6081123948097229
2.722135066986084
2.2585253715515137
0.05004363879561424
0.5424396991729736
3.0660347938537598
0.5634671449661255
-0.7855007648468018
1.991551160812378
-0.38288435339927673
1.5850967168807983
0.6052225828170776
-0.14855366945266724
0.47611668705940247
2.6504011154174805
1.0946521759033203
1.2471437454223633
2.5103957653045654
-0.18484875559806824
0.9057279825210571
1.6248533725738525
1.140950322151184
0.4666365683078766
2.029479503631592
2.516230821609497
0.2345251590013504
1.7894928455352783
1.545693039894104
1.2538961172103882
0.7422599196434021
0.9845864176750183
1.041730523109436
2.4857852458953857
2.2760684490203857
0.7213616967201233
0.9302541613578796
0.32457172870635986
2.10884428024292
2.8511250019073486
2.5322675704956055
2.6756985187530518
-0.008836422115564346
1.3585693836212158
1.0292686223983765
1.9616715908050537
1.3161346912384033
-0.6912491321563721
1.1156361103057861
2.355830430984497
0.5318859815597534
0.18676842749118805
1.91012704372406
0.2121400237083435
4.268637180328369
1.3579938411712646
2.1773524284362793
2.572437047958374
2.03011155128479
0.6458437442779541
1.9512296915054321
-1.3252356052398682
0.3700482249259949
-0.0641704797744751
1.846569299697876
1.415565848350525
0.3361458480358124
1.5995068550109863
0.8038806915283203
-0.24558886885643005
0.9776251316070557
1.198379635810852
2.464970350265503
0.6743989586830139
0.4979967474937439
-0.15598425269126892
1.8090134859085083
0.6884590983390808
1.1896110773086548
1.401395559310913
0.7562280297279358
0.8703082203865051
1.8429378271102905
2.7050986289978027
-0.3067651391029358
2.150160312652588
0.549278736114502
1.3234820365905762
0.213033527135849
0.6261755228042603
2.284613847732544
0.7381287813186646
0.834387481212616
0.38255447149276733
3.6269547939300537
-0.18560455739498138
1.6763842105865479
0.8319897651672363
0.8132050633430481
1.484825611114502
1.221894383430481
-1.34499192237854
1.0565545558929443
0.6274217963218689
1.1964632272720337
1.570158839225769
1.3087584972381592
2.0901296138763428
0.3597506880760193
-0.011149845086038113
2.2281723022460938
0.549758791923523
0.06395069509744644
0.4951232075691223
1.449576497077942
0.7814782857894897
-0.30916038155555725
1.01435124874115
1.6848000288009644
1.7553813457489014
2.2345192432403564
1.764961838722229
1.09870445728302
0.4270235300064087
0.6462174654006958
-1.5329768657684326
0.3233582079410553
1.155256986618042
0.8307304382324219
0.0681479424238205
1.9070801734924316
1.689420223236084
0.6360353827476501
0.9941469430923462
1.7539836168289185
1.0419703722000122
1.5592224597930908
1.8133385181427002
0.4322457015514374
2.147747755050659
-0.01199176162481308
1.5264946222305298
0.672434389591217
0.8826387524604797
2.2592203617095947
1.146507978439331
1.4921520948410034
1.7981091737747192
1.2758492231369019
0.8014851212501526
0.6526551246643066
1.0397146940231323
1.7620667219161987
2.2260215282440186
1.5516765117645264
0.47720593214035034
0.7165008783340454
2.095285177230835
0.09657243639230728
1.9239530563354492
-0.7100939154624939
1.5832346677780151
0.6070266366004944
0.2205687314271927
1.532522439956665
-0.9094763398170471
-0.5569797158241272
-0.19849783182144165
0.5566303133964539
0.6644792556762695
1.4562137126922607
0.8556767106056213
0.7690744400024414
0.8219088315963745
1.1635081768035889
1.7443711757659912
0.4030769467353821
1.342013955116272
0.1796025037765503
2.6591780185699463
1.896716594696045
3.3403213024139404
3.738154411315918
0.5548433661460876
-0.35665374994277954
0.646149218082428
-0.08743370324373245
0.10111402720212936
1.4186158180236816
1.9775537252426147
-0.13236747682094574
1.6181024312973022
2.066603660583496
1.853340744972229
1.3390718698501587
1.4178131818771362
0.17340251803398132
2.006239891052246
1.5268380641937256
0.5180743336677551
1.5592161417007446
1.4010134935379028
2.2543230056762695
2.4705817699432373
0.3139456808567047
1.5781381130218506
0.11802668869495392
2.876481056213379
2.6727967262268066
1.4561481475830078
-0.3596867322921753
1.4629119634628296
0.5164908170700073
0.28169405460357666
2.5431621074676514
2.5705955028533936
0.6397740840911865
1.736480712890625
0.64290851354599
1.0015162229537964
0.6499618887901306
0.5280506610870361
-0.06786683201789856
0.1487157642841339
0.9810367226600647
-0.07425126433372498
0.9884842038154602
0.636237621307373
1.5656003952026367
0.41179943084716797
2.676323652267456
0.6718987226486206
-0.497977614402771
-0.25155314803123474
2.1241724491119385
0.7537202835083008
0.9091397523880005
1.762345790863037
0.9983898997306824
0.23472554981708527
1.0266731977462769
0.8385481834411621
1.2684504985809326
2.0489845275878906
2.6197402477264404
1.3093078136444092
1.0496846437454224
-0.1584448665380478
0.44452983140945435
2.00434947013855
2.88299560546875
1.7351537942886353
-0.29816964268684387
1.362044334411621
0.5950312614440918
1.8897430896759033
1.5162943601608276
0.12310201674699783
1.9452263116836548
1.73469877243042
0.2744920551776886
0.8047905564308167
0.17970508337020874
1.9324837923049927
1.5357438325881958
1.0541406869888306
1.1129956245422363
2.3823084831237793
1.5256717205047607
2.093564033508301
0.04206167161464691
0.7571755051612854
0.6428431868553162
1.0246831178665161
1.9970176219940186
1.8466713428497314
1.2105125188827515
0.16970238089561462
2.8286988735198975
1.9154846668243408
1.0302475690841675
1.0720807313919067
-0.1000896468758583
1.3332818746566772
0.7955788373947144
0.950538158416748
1.38267982006073
0.7789791822433472
-0.5508354902267456
1.1362913846969604
1.4525169134140015
1.9238249063491821
0.7688353657722473
1.3503460884094238
1.1729761362075806
2.0312530994415283
0.6070868968963623
1.5865066051483154
1.325069785118103
2.241489887237549
2.3138105869293213
0.22624824941158295
3.2991878986358643
0.8361464738845825
2.012737989425659
0.5631160736083984
0.16542616486549377
1.381941556930542
1.4389184713363647
1.9400641918182373
2.126965284347534
1.2274025678634644
0.03760933503508568
1.3903526067733765
-0.14046317338943481
1.544922113418579
1.402756690979004
0.4988398253917694
1.0729032754898071
2.191929817199707
1.6750305891036987
1.209296464920044
0.6872385740280151
1.626876711845398
2.6372663974761963
-1.2530596256256104
-0.2862456440925598
0.0513954795897007
1.6811892986297607
1.9788635969161987
1.6144474744796753
0.7373368740081787
0.7455183863639832
2.6962265968322754
1.7846555709838867
1.590511441230774
1.8659764528274536
2.3712780475616455
1.1724380254745483
1.094169020652771
1.5490716695785522
1.4916678667068481
2.9411137104034424
0.14767365157604218
2.005694627761841
2.5537240505218506
0.6374359130859375
1.9932782649993896
2.6370322704315186
-0.01465272344648838
0.7249696254730225
1.8616905212402344
-0.5552289485931396
1.4208754301071167
1.6686428785324097
1.7911903858184814
-0.2551327645778656
1.3165289163589478
-0.6891127824783325
2.275336503982544
1.1092091798782349
1.3655121326446533
2.838467836380005
0.41690346598625183
1.857778549194336
1.375286340713501
0.9256643652915955
0.33250337839126587
0.9403687715530396
2.7816152572631836
1.6695584058761597
-0.3569739758968353
-0.12588585913181305
1.135755181312561
1.6578701734542847
0.07210105657577515
2.104595184326172
1.880989670753479
2.4432895183563232
0.5558149218559265
1.5142732858657837
2.564815044403076
2.344358205795288
2.3948991298675537
2.710461139678955
1.2951302528381348
1.4961426258087158
1.5469311475753784
0.32090285420417786
0.22772547602653503
-0.20614704489707947
1.6654022932052612
0.9976454973220825
0.6082071661949158
0.15494577586650848
-0.6704583764076233
1.2341190576553345
0.2541390359401703
0.4860871434211731
-0.5393379926681519
2.8058602809906006
0.4308798313140869
0.8933967351913452
3.283390998840332
1.9954859018325806
-0.18118667602539062
0.6788474917411804
-0.13630378246307373
0.4034954905509949
3.276951789855957
1.6842200756072998
-0.7414907813072205
0.8213121294975281
2.1676716804504395
0.3650663495063782
1.3497486114501953
0.9445345401763916
1.7053602933883667
1.791524052619934
-0.2785812318325043
-0.017695026472210884
2.3262648582458496
1.7036714553833008
2.12459397315979
2.9034628868103027
2.734924077987671
1.0990207195281982
1.7414265871047974
0.782046914100647
1.0555542707443237
1.8237935304641724
0.7802014350891113
1.4002512693405151
-0.8786554336547852
0.41756710410118103
1.6661655902862549
0.44361409544944763
0.9652351140975952
1.7955189943313599
1.6909737586975098
-0.10502327978610992
1.6815297603607178
0.8398051261901855
0.8437312245368958
4.118155002593994
1.6727217435836792
0.2537849545478821
1.0207469463348389
-0.0014637120766565204
2.14872145652771
1.846039891242981
1.2575838565826416
1.499157428741455
1.7582348585128784
2.0588765144348145
1.5841038227081299
1.2349637746810913
1.4938105344772339
0.7727656364440918
0.688896894454956
1.9671547412872314
1.0135371685028076
1.734171986579895
2.0470340251922607
1.4742428064346313
-0.12485568225383759
0.8866825699806213
2.3061249256134033
1.7169249057769775
1.2573639154434204
2.6844136714935303
0.9544061422348022
-1.0486210584640503
1.8671422004699707
3.166024684906006
1.4891703128814697
0.25386908650398254
1.7456203699111938
-0.053941525518894196
0.3062373995780945
1.646126389503479
1.380948543548584
0.628813624382019
0.7273783683776855
2.0485284328460693
1.703942894935608
1.215140461921692
3.040811777114868
1.4229176044464111
1.0883370637893677
1.6646374464035034
