5.9225077629089355
6.390026569366455
5.757077693939209
5.883070468902588
6.095017910003662
5.274575233459473
6.893049716949463
5.611021518707275
6.162233829498291
5.951321125030518
5.690512657165527
6.013184547424316
5.405467510223389
5.7317962646484375
5.837264060974121
5.974945068359375
5.53920841217041
5.99799108505249
5.4106764793396
6.33233118057251
5.689476013183594
6.4545183181762695
5.722015857696533
5.550286769866943
5.261251926422119
5.732083797454834
6.673370361328125
6.333064079284668
5.796047210693359
5.5739054679870605
6.102419376373291
6.234532356262207
4.907192707061768
6.1817474365234375
5.271597862243652
6.032593727111816
6.055680274963379
5.101241111755371
5.831887245178223
5.555530548095703
5.746329307556152
5.371757507324219
6.039853572845459
6.15748405456543
6.498511791229248
5.267667293548584
5.43722677230835
5.757216930389404
5.372222423553467
5.235344886779785
5.763105392456055
6.193594932556152
5.232656478881836
6.22719669342041
6.461731433868408
5.074090003967285
5.645251274108887
4.441503047943115
5.967705249786377
6.458413124084473
5.604548454284668
6.0120649337768555
6.52100133895874
5.594577789306641
5.273882865905762
5.196653842926025
5.744204044342041
5.593418598175049
7.015110969543457
5.959936618804932
5.797593593597412
6.074549198150635
6.179093360900879
6.166407108306885
6.398106575012207
5.920225143432617
5.215790271759033
5.952690601348877
6.341886043548584
5.701550483703613
6.575290679931641
6.346201419830322
6.353203296661377
5.454160213470459
6.083469390869141
6.179452419281006
6.7031073570251465
5.042387008666992
5.9871602058410645
6.388399600982666
6.0757904052734375
5.603038787841797
5.8879170417785645
6.088122844696045
5.937895774841309
4.844162464141846
5.844090461730957
5.82956075668335
5.644096851348877
6.33822774887085
6.515802383422852
5.401061534881592
5.809996128082275
5.594612121582031
6.376806259155273
6.343945026397705
6.468189239501953
5.910028457641602
5.867898941040039
6.154670715332031
5.313143253326416
6.190118789672852
6.123045921325684
5.742316246032715
5.877926349639893
6.3924241065979
5.899408340454102
6.424563884735107
6.459283828735352
5.6030683517456055
6.433599472045898
5.938076972961426
6.246896743774414
6.043595790863037
6.306840419769287
6.255724906921387
6.419219493865967
5.7332234382629395
6.213337421417236
5.596764087677002
5.626025676727295
6.31937837600708
6.0588297843933105
6.072530746459961
5.335813045501709
5.875278949737549
5.441413879394531
6.089951992034912
5.634361743927002
5.984148979187012
5.6768717765808105
6.275753498077393
4.75028657913208
5.82368278503418
5.66097354888916
5.241504669189453
5.645519256591797
6.3546061515808105
6.108039379119873
6.2648844718933105
6.431577205657959
5.733435153961182
6.27549409866333
6.380448341369629
5.3348846435546875
5.822380065917969
5.250573635101318
5.811094284057617
5.096530914306641
6.127561092376709
6.325279712677002
4.185646057128906
5.414615154266357
6.126847267150879
6.01411771774292
6.417210102081299
6.1442646980285645
5.281130313873291
6.249434471130371
6.0425872802734375
4.974997043609619
5.7577338218688965
4.662397384643555
5.553198337554932
5.874671459197998
5.5254645347595215
5.649416446685791
6.068194389343262
5.342638969421387
6.036093711853027
5.283847808837891
5.9269819259643555
6.78438663482666
6.2755513191223145
6.525038242340088
6.352277755737305
6.335823059082031
5.690454006195068
6.282037734985352
4.914090156555176
6.212496757507324
5.622105598449707
5.756020545959473
5.684656143188477
6.404934406280518
5.942975997924805
5.18717098236084
6.4493842124938965
6.429134845733643
6.1261749267578125
6.378231525421143
6.026722431182861
5.478518009185791
5.661833763122559
6.37276554107666
6.062277793884277
5.795374393463135
5.3951287269592285
5.180726051330566
6.116748809814453
5.219821929931641
5.579339981079102
6.202995777130127
5.91743803024292
6.051840782165527
5.108732223510742
5.843563556671143
6.068996906280518
5.9542083740234375
5.739551544189453
5.893320560455322
6.323702812194824
6.248463153839111
5.585683822631836
5.601083278656006
5.441806793212891
5.8904337882995605
6.173694610595703
4.985160827636719
6.1066389083862305
5.432756423950195
5.872533321380615
5.667652130126953
5.934605598449707
6.978399276733398
4.524044036865234
6.1378679275512695
4.158592700958252
5.97568941116333
5.3009562492370605
6.397463798522949
6.537469863891602
6.349759101867676
6.154562473297119
5.335813045501709
6.641697406768799
6.627275466918945
5.713533878326416
5.416631698608398
4.914350986480713
