4.202517032623291
1.8269604444503784
3.398135185241699
3.9534595012664795
3.7811777591705322
4.765100479125977
6.696592807769775
8.568352699279785
5.936023235321045
5.896022319793701
6.406747341156006
6.03022575378418
6.168535232543945
3.9877402782440186
4.6395158767700195
4.879693508148193
5.759920597076416
7.47982120513916
7.252452850341797
6.6689558029174805
8.566788673400879
9.450607299804688
5.447667598724365
6.440771579742432
7.448584079742432
3.9843099117279053
5.861347675323486
4.932778835296631
9.547685623168945
0.9343758225440979
6.039892196655273
7.242938995361328
5.8830976486206055
5.797973155975342
8.744619369506836
4.845454216003418
5.031196117401123
12.194695472717285
7.975146770477295
6.1848225593566895
7.523082733154297
6.237349987030029
7.118681907653809
3.8262507915496826
10.06024169921875
2.176638126373291
4.90719747543335
5.929553508758545
2.986940622329712
7.134125232696533
7.521263122558594
4.746603488922119
0.41627517342567444
4.279019355773926
6.522594451904297
5.9832763671875
9.721870422363281
4.68373966217041
8.485321998596191
9.970205307006836
7.576559543609619
4.225739479064941
5.841616153717041
10.126974105834961
6.1492414474487305
2.6517157554626465
7.553114414215088
4.882167816162109
3.817976951599121
4.999294757843018
6.04817008972168
1.954814076423645
6.336124897003174
6.0694475173950195
6.885230541229248
7.944346904754639
7.894471168518066
7.998429775238037
3.9297196865081787
8.876463890075684
6.338219165802002
8.09797191619873
2.0791122913360596
5.390846252441406
7.8873724937438965
5.687020778656006
3.8980493545532227
8.650249481201172
4.834252834320068
4.205403804779053
3.706434726715088
5.867565631866455
7.7565836906433105
3.7316529750823975
3.7003159523010254
7.561045169830322
7.2872233390808105
10.193193435668945
2.935814380645752
6.910277843475342
5.622541427612305
9.51859188079834
5.331048965454102
4.829800128936768
5.0494184494018555
4.5137715339660645
6.216205596923828
6.015644073486328
5.18910026550293
3.404287338256836
2.377091646194458
4.607033729553223
6.5839338302612305
10.940896987915039
4.836861610412598
7.09918212890625
4.60225248336792
6.680899143218994
3.94805908203125
4.937929630279541
6.549524784088135
5.9525346755981445
3.1681551933288574
4.359974384307861
2.248683452606201
3.5428061485290527
6.688098907470703
5.454620838165283
5.7239484786987305
3.7213656902313232
3.0361979007720947
8.238826751708984
5.73166036605835
7.475543975830078
6.825626850128174
4.582702159881592
7.5165205001831055
8.04666519165039
6.780266761779785
5.372833251953125
5.737133502960205
8.040863990783691
5.394327640533447
4.617974758148193
6.116453647613525
2.370384454727173
7.276250839233398
2.100574016571045
4.913152694702148
5.915887355804443
4.502145290374756
4.690472602844238
5.615202903747559
5.924585342407227
5.834824562072754
3.828413248062134
6.702040195465088
6.017915725708008
9.70028018951416
6.038065433502197
2.766845464706421
8.797472953796387
4.950735569000244
8.121708869934082
9.133624076843262
3.220510244369507
8.299298286437988
7.578882217407227
7.005965232849121
2.779853343963623
4.953838348388672
6.979538917541504
6.422050952911377
6.545069217681885
0.5330917239189148
3.365170955657959
5.372276306152344
6.00498628616333
7.1499457359313965
7.778809547424316
6.902548789978027
6.442451000213623
4.423989295959473
8.044570922851562
1.5476213693618774
6.537416934967041
6.335178375244141
4.302556037902832
2.874340057373047
9.369366645812988
4.237024784088135
6.799180030822754
6.963930606842041
7.262071132659912
8.160599708557129
5.410003185272217
7.497025012969971
7.102659702301025
6.76611328125
4.348771572113037
3.3407578468322754
7.316437244415283
5.989035606384277
5.840950012207031
5.7740397453308105
6.509112358093262
4.354494094848633
7.643951892852783
3.816019296646118
4.218142986297607
0.3054424226284027
6.110837459564209
2.6183207035064697
7.689351558685303
4.681115627288818
5.7633538246154785
9.667694091796875
9.619697570800781
7.2018961906433105
2.280567169189453
8.73555850982666
7.489225387573242
8.930389404296875
5.864150047302246
5.143903732299805
3.5701518058776855
6.872790813446045
4.608851432800293
6.961963176727295
8.663330078125
4.383556842803955
6.837701320648193
5.104923725128174
8.290054321289062
7.3242034912109375
4.551867961883545
5.654414653778076
5.899577617645264
7.296971321105957
5.213570594787598
2.705087661743164
5.59218692779541
7.529176712036133
6.323972702026367
8.058284759521484
4.34861421585083
10.835923194885254
9.45695972442627
7.991888046264648
5.8713531494140625
7.4642863273620605
8.746259689331055
2.078481674194336
5.961231708526611
6.955674648284912
8.123763084411621
3.1909286975860596
4.887006759643555
5.099284648895264
5.846890926361084
6.656604290008545
5.101231575012207
6.011862754821777
6.32440710067749
8.769468307495117
5.664692401885986
9.622413635253906
6.168874263763428
6.2285475730896
5.823107719421387
10.13358211517334
6.4042792320251465
4.595924377441406
8.959412574768066
7.012949466705322
4.026726722717285
8.087830543518066
5.926886558532715
5.552439212799072
5.822266578674316
3.506209373474121
10.666790962219238
6.987366676330566
5.8085408210754395
3.9351511001586914
5.450483798980713
4.85236120223999
6.525836944580078
5.052935600280762
10.825971603393555
6.796689033508301
4.155362129211426
7.770615577697754
7.909244060516357
6.832111835479736
8.443486213684082
4.305105209350586
2.5955557823181152
7.085230350494385
9.085484504699707
5.26630973815918
10.404796600341797
4.302883625030518
4.154092788696289
7.3549275398254395
7.136577129364014
8.214824676513672
5.7630391120910645
5.020569324493408
8.85940170288086
6.366123199462891
4.712461948394775
7.194842338562012
5.007051467895508
4.805366516113281
4.783848762512207
7.1211442947387695
6.965292453765869
5.1462907791137695
4.0379438400268555
4.810978412628174
7.446493625640869
4.0761942863464355
8.245849609375
5.533270835876465
8.622772216796875
7.857112884521484
4.4383769035339355
6.699471950531006
2.1035478115081787
6.645007610321045
8.249289512634277
3.3085503578186035
4.151363849639893
5.171986103057861
4.9792094230651855
7.962317943572998
4.427339553833008
5.397846221923828
3.4117536544799805
6.370960712432861
5.210233688354492
6.013211727142334
6.912215232849121
7.1470842361450195
5.1334733963012695
5.7713470458984375
5.3041863441467285
5.447145938873291
4.18208646774292
5.196183681488037
10.488411903381348
6.549563884735107
8.672282218933105
6.153324604034424
7.5676069259643555
8.85436725616455
4.160078048706055
9.59392261505127
4.605985641479492
8.730924606323242
3.667954683303833
4.649251461029053
6.146494388580322
2.0578858852386475
6.673228740692139
6.414627552032471
7.745883941650391
7.578664779663086
2.7223267555236816
7.71450138092041
7.133317947387695
7.774207592010498
7.759008884429932
6.177659034729004
7.88436222076416
5.274016857147217
3.486807107925415
5.849820137023926
0.31704702973365784
4.490128993988037
2.3041203022003174
2.135643720626831
4.423688888549805
4.9904046058654785
6.610198020935059
7.30917501449585
5.057226657867432
5.503343105316162
3.9889957904815674
4.342379570007324
1.8649086952209473
6.580638408660889
6.037367343902588
9.943214416503906
5.857165813446045
3.0535197257995605
6.510061264038086
3.8711609840393066
4.922393321990967
3.2285258769989014
7.951887607574463
3.461390972137451
8.421348571777344
6.027238368988037
1.845585823059082
5.183554172515869
9.585495948791504
3.499789237976074
3.3743958473205566
4.143368721008301
3.375128984451294
6.057826519012451
5.786098957061768
10.735733985900879
6.147381782531738
4.709427356719971
4.698679447174072
5.295476913452148
7.221025466918945
6.144068717956543
7.456907749176025
6.66665506362915
6.808645725250244
4.5489397048950195
2.1491196155548096
5.100754261016846
6.9418792724609375
5.864702224731445
6.831782341003418
4.75554084777832
-0.5817359685897827
2.3668458461761475
7.036748886108398
6.2396087646484375
3.7189974784851074
7.797390937805176
6.628325939178467
4.066646575927734
4.690969467163086
1.3733597993850708
2.219180107116699
0.9844897985458374
6.670200347900391
7.744666576385498
1.658980369567871
10.825664520263672
5.976118087768555
7.274399757385254
6.310595989227295
4.4355926513671875
5.46570348739624
3.8878228664398193
8.455206871032715
5.555534839630127
7.326857089996338
9.464104652404785
6.368683338165283
5.0588202476501465
6.05824089050293
5.456158638000488
8.32243824005127
8.204575538635254
7.305263996124268
6.816210746765137
3.381788730621338
4.603285789489746
-0.19142434000968933
8.705669403076172
6.720658302307129
6.829541206359863
5.751528263092041
7.327759742736816
4.649878025054932
4.918656349182129
6.292418003082275
5.3435378074646
5.141613960266113
4.66841983795166
6.805705547332764
4.3467230796813965
6.091479778289795
3.1582987308502197
6.099116325378418
4.519567012786865
6.535197734832764
5.808239936828613
4.652690410614014
9.853815078735352
8.77287483215332
1.4106847047805786
6.609473705291748
8.418200492858887
9.365675926208496
9.212760925292969
8.556567192077637
5.416799545288086
6.376172065734863
8.399044036865234
5.934734344482422
