2.4180400371551514
3.3424947261810303
0.4910758435726166
3.351149320602417
2.6124329566955566
3.861368179321289
2.660778760910034
2.7121658325195312
3.6415414810180664
3.8339991569519043
3.055387496948242
3.832101345062256
2.636859893798828
2.576354742050171
5.077453136444092
2.803658962249756
3.752472400665283
3.710709810256958
1.8048275709152222
1.659758448600769
3.0935416221618652
3.2039034366607666
4.86207389831543
1.01466965675354
5.812280178070068
2.7296535968780518
4.281936168670654
3.842207908630371
4.194993495941162
1.9868091344833374
1.7861322164535522
3.17502760887146
1.0487394332885742
4.274351596832275
3.297182559967041
3.40793514251709
4.064655780792236
2.9830522537231445
4.404662609100342
3.828301191329956
6.1084513664245605
3.208841562271118
3.6935341358184814
3.389659881591797
2.9504499435424805
2.9435741901397705
3.0721702575683594
3.191481113433838
4.364701271057129
3.479830026626587
3.9136672019958496
2.2637393474578857
4.89211368560791
3.474675416946411
3.5891072750091553
4.395454406738281
2.2724781036376953
4.80050802230835
3.7418107986450195
3.3567655086517334
3.741319179534912
3.5193254947662354
4.293450832366943
3.761629343032837
3.7250912189483643
2.964806318283081
3.9900879859924316
3.793475389480591
4.017333030700684
3.6140406131744385
3.9513468742370605
4.781373977661133
4.124355316162109
5.183725357055664
4.739137649536133
6.856546401977539
1.5893491506576538
2.045457363128662
5.360332489013672
3.872368574142456
5.046712398529053
3.372053623199463
4.2111287117004395
3.968594551086426
4.490316867828369
3.8688340187072754
3.1531293392181396
4.961678981781006
1.2100598812103271
3.6942241191864014
3.8067424297332764
5.510343551635742
5.993035793304443
5.288384914398193
3.0727555751800537
4.0157470703125
4.165411949157715
4.9719648361206055
4.410970211029053
3.766244411468506
3.9219019412994385
4.375589370727539
4.7122578620910645
0.21821263432502747
4.576940059661865
3.092033863067627
3.9044556617736816
5.434518337249756
3.5681259632110596
3.254765748977661
4.307446002960205
3.642082691192627
2.225398063659668
5.501426696777344
4.686325550079346
3.719919443130493
4.253344535827637
2.1202640533447266
3.9290010929107666
5.561647415161133
3.884375810623169
2.298311710357666
3.6563477516174316
2.315408945083618
3.9562366008758545
4.167627334594727
3.907895565032959
3.176697254180908
3.3694844245910645
1.2198145389556885
3.698471784591675
4.505386829376221
5.696261882781982
6.145647048950195
3.384288787841797
3.897753953933716
5.770746231079102
4.0743231773376465
2.040762424468994
3.3936829566955566
5.764437198638916
3.612201452255249
4.609425067901611
3.50974178314209
2.920416831970215
3.1183719635009766
3.5864579677581787
4.440735816955566
2.778862714767456
5.880402565002441
4.278646945953369
2.0276246070861816
3.392245054244995
2.940574884414673
2.844417095184326
3.5915613174438477
3.978189706802368
2.1062450408935547
4.280737400054932
2.8695273399353027
1.3557409048080444
2.5394930839538574
2.923187494277954
3.421706199645996
2.1710054874420166
1.6087051630020142
4.756839752197266
6.1269941329956055
5.095602989196777
3.5467472076416016
3.3091890811920166
5.4288411140441895
2.3676722049713135
3.6408956050872803
3.6395998001098633
3.3402109146118164
4.763280868530273
3.3227734565734863
3.966184616088867
0.8169918060302734
4.4027018547058105
3.8327136039733887
4.343776226043701
6.771172523498535
3.1305150985717773
4.119631290435791
4.367031574249268
2.6180152893066406
3.3670361042022705
4.388627052307129
2.750225782394409
3.0485849380493164
4.194992542266846
3.912163496017456
3.6949870586395264
2.2022712230682373
4.25206995010376
2.9129562377929688
1.6924524307250977
4.240107536315918
1.7315189838409424
1.1098603010177612
3.0900514125823975
4.630757808685303
3.9005815982818604
5.409932613372803
3.371819019317627
3.8216195106506348
2.7930045127868652
2.3876261711120605
2.7536845207214355
3.426706552505493
4.556143283843994
3.7732598781585693
3.040074348449707
3.96327805519104
2.4000539779663086
2.1221046447753906
4.195970058441162
3.3241214752197266
1.4839510917663574
4.116825103759766
3.774876356124878
2.0531845092773438
4.257236480712891
2.072204351425171
2.893552780151367
4.0746169090271
2.642178535461426
4.163758277893066
3.404364585876465
3.2912981510162354
3.5074634552001953
2.1978039741516113
3.0908443927764893
3.0228772163391113
2.122947931289673
4.1249003410339355
4.03094482421875
4.295767307281494
5.089112281799316
4.456667423248291
3.3396201133728027
2.6532533168792725
2.540109634399414
4.460437774658203
3.907020330429077
4.343480110168457
6.115676403045654
5.27816915512085
3.1835129261016846
3.63246750831604
2.2864677906036377
3.3220150470733643
3.043043375015259
3.82389497756958
2.260725975036621
5.104305267333984
3.0923523902893066
2.961719274520874
6.259891033172607
4.370467662811279
2.847597360610962
2.814095973968506
3.7871220111846924
3.810102701187134
2.31716251373291
1.9251933097839355
3.3108479976654053
2.724381446838379
2.5043606758117676
3.9357492923736572
3.6145224571228027
4.8180766105651855
3.145789623260498
2.5425829887390137
4.111346244812012
4.199587821960449
3.106149673461914
4.805519104003906
4.001835346221924
4.241755485534668
3.8977630138397217
3.934589147567749
3.308331251144409
2.448840379714966
3.03725004196167
3.174038887023926
5.9372735023498535
4.431591510772705
3.1734824180603027
5.422287464141846
4.226585388183594
3.6442577838897705
3.5731091499328613
2.10102915763855
5.617979526519775
6.536557197570801
4.236048221588135
2.5225768089294434
2.9790351390838623
3.0870399475097656
4.386083602905273
2.8069722652435303
4.1979289054870605
2.632624626159668
3.568068027496338
3.368199110031128
3.4739222526550293
2.3804047107696533
2.9090771675109863
3.4102861881256104
3.7135064601898193
2.958702564239502
3.9612419605255127
2.2190613746643066
4.006524562835693
4.826801776885986
3.408972978591919
5.765074253082275
1.9783785343170166
2.2665727138519287
3.7610857486724854
2.313351631164551
1.9637916088104248
5.243405818939209
2.8218159675598145
2.3646323680877686
3.6899399757385254
3.0752999782562256
4.388655185699463
3.502810478210449
2.6615710258483887
3.4331958293914795
3.4708619117736816
2.543501853942871
4.025937557220459
3.092453718185425
3.5284676551818848
3.403812885284424
2.8692467212677
4.766473293304443
2.3797242641448975
2.3402700424194336
3.1733944416046143
3.554314374923706
2.928884983062744
2.100250482559204
5.111316204071045
4.091156482696533
2.9844961166381836
3.008613348007202
3.1049017906188965
3.84161639213562
3.005772352218628
3.8634815216064453
2.994063377380371
1.3285621404647827
4.358941555023193
2.6834542751312256
4.089095115661621
3.7047348022460938
5.56020450592041
3.7509429454803467
3.004387378692627
4.475038528442383
3.571307420730591
3.0712809562683105
3.541527509689331
3.8252198696136475
2.3585987091064453
4.741268157958984
2.9013733863830566
2.0871188640594482
1.8150204420089722
2.6201889514923096
2.6254940032958984
4.080400466918945
2.800827980041504
4.735426902770996
3.033926010131836
3.9918344020843506
4.756380081176758
1.6854101419448853
4.159404754638672
4.132082462310791
4.786401271820068
2.14910626411438
4.488988876342773
2.2464239597320557
3.692309617996216
2.6962215900421143
2.3831281661987305
3.116152048110962
3.4961090087890625
3.2241551876068115
3.824986219406128
2.325282335281372
3.9076168537139893
4.005336284637451
3.519775152206421
2.886756658554077
3.1246938705444336
3.6301896572113037
3.3032424449920654
1.4747041463851929
2.3611977100372314
4.812561988830566
5.068427562713623
4.676724433898926
4.381721496582031
1.8749173879623413
2.9554834365844727
3.15297532081604
3.855191230773926
4.042275428771973
5.009615421295166
3.306464433670044
4.745402812957764
2.4939661026000977
4.244813919067383
3.72407603263855
5.351670265197754
3.3920748233795166
2.854771614074707
4.469693660736084
3.924622058868408
3.091165781021118
2.5410306453704834
3.042914628982544
4.9686808586120605
2.094019651412964
3.590975046157837
1.978865146636963
0.8212276697158813
2.4302499294281006
2.792537212371826
4.233750343322754
1.848382592201233
3.734426259994507
4.675096035003662
3.1576554775238037
3.4137167930603027
3.6928932666778564
2.625077486038208
2.524637222290039
4.235753536224365
6.000104904174805
3.5974464416503906
3.3350653648376465
2.1810827255249023
4.038869857788086
4.978680610656738
0.43512818217277527
4.162789344787598
4.554585933685303
4.208260536193848
4.247802257537842
4.824880599975586
2.2161314487457275
3.481130361557007
2.375227689743042
3.355421543121338
2.304594039916992
2.325660467147827
4.271468639373779
3.895533561706543
1.272035837173462
2.3307909965515137
3.5746264457702637
3.0618984699249268
3.445899724960327
3.354259967803955
4.148960113525391
4.347389221191406
3.582075357437134
4.915884971618652
4.781428337097168
3.7124154567718506
3.7982442378997803
3.4209213256835938
2.4471778869628906
3.9462273120880127
3.746066093444824
3.3059229850769043
2.936455488204956
4.084880352020264
3.2550623416900635
3.6281795501708984
4.483828544616699
4.0418171882629395
4.589309215545654
3.6256022453308105
3.934560537338257
3.1321847438812256
4.761080265045166
3.4234628677368164
3.717498540878296
2.604478359222412
3.4016873836517334
