9.737403869628906
8.844788551330566
9.11501407623291
8.60000228881836
8.0433349609375
9.153409957885742
9.313092231750488
9.497159004211426
9.349133491516113
9.071964263916016
8.177430152893066
9.322771072387695
6.847609996795654
7.695865154266357
9.50684928894043
10.798494338989258
8.484847068786621
6.81152868270874
8.778679847717285
8.542781829833984
11.032790184020996
10.367749214172363
9.776969909667969
7.551595211029053
9.661473274230957
9.593798637390137
7.996665000915527
7.463519096374512
8.07110595703125
10.302254676818848
7.003708839416504
8.815899848937988
10.04904842376709
5.999651908874512
9.564058303833008
8.996572494506836
9.008666038513184
7.474891185760498
9.753671646118164
10.497617721557617
9.648006439208984
9.850470542907715
9.337214469909668
9.149773597717285
8.724268913269043
8.035243034362793
8.448914527893066
6.633150577545166
8.888344764709473
8.710384368896484
8.15771770477295
7.2982683181762695
8.301299095153809
9.29189682006836
7.009125232696533
8.121984481811523
7.203995704650879
10.243228912353516
9.86289119720459
9.251310348510742
9.278776168823242
8.082673072814941
8.623261451721191
8.759697914123535
9.014378547668457
9.223464965820312
9.203327178955078
8.544928550720215
9.424453735351562
8.099482536315918
9.899496078491211
10.571127891540527
9.406298637390137
8.108736991882324
7.994635581970215
9.023957252502441
8.121344566345215
10.512566566467285
8.14607048034668
10.076044082641602
7.896956443786621
9.548699378967285
9.415435791015625
8.92560863494873
8.792208671569824
7.273961067199707
7.649674892425537
8.685242652893066
9.121678352355957
8.037845611572266
9.710453987121582
7.9940643310546875
9.022491455078125
9.732160568237305
8.87979507446289
7.55026388168335
8.920366287231445
10.054267883300781
8.949289321899414
7.245166301727295
9.268026351928711
9.321699142456055
9.889686584472656
8.753281593322754
7.942557334899902
7.291351318359375
9.140029907226562
8.1647310256958
9.700241088867188
8.152130126953125
9.521804809570312
8.835201263427734
9.52963638305664
8.464203834533691
8.989267349243164
7.941248416900635
8.473522186279297
9.875384330749512
9.479867935180664
8.62032413482666
9.05615234375
5.846593379974365
9.257080078125
8.2555513381958
9.775389671325684
8.350798606872559
9.665825843811035
8.672908782958984
10.287601470947266
9.399435043334961
9.548048973083496
9.095029830932617
8.41032600402832
6.185921669006348
8.790986061096191
6.433036804199219
9.452319145202637
9.162063598632812
7.80481481552124
10.40548038482666
10.318502426147461
8.577588081359863
9.240616798400879
9.26717472076416
8.110228538513184
9.048788070678711
7.1816325187683105
8.880626678466797
9.025145530700684
9.825826644897461
9.619417190551758
9.666380882263184
8.537684440612793
9.049359321594238
9.465697288513184
8.279576301574707
9.636052131652832
7.561653137207031
10.050247192382812
7.3824238777160645
8.865208625793457
8.511049270629883
9.844237327575684
8.76646614074707
9.590343475341797
9.245909690856934
9.979130744934082
10.210058212280273
10.044296264648438
8.834355354309082
9.133788108825684
8.826435089111328
9.417472839355469
9.655558586120605
10.098276138305664
9.899434089660645
9.636594772338867
9.258498191833496
8.806918144226074
10.122056007385254
9.231810569763184
9.683187484741211
8.978204727172852
9.050555229187012
9.236629486083984
10.344731330871582
10.0873441696167
10.260392189025879
8.853364944458008
10.280325889587402
10.327330589294434
9.849985122680664
9.604187965393066
9.303110122680664
9.925802230834961
8.380945205688477
8.661966323852539
9.627806663513184
9.548440933227539
7.4385085105896
9.517693519592285
9.333569526672363
7.750796318054199
10.484874725341797
9.075809478759766
9.112454414367676
9.339556694030762
7.882166385650635
8.931751251220703
8.986464500427246
10.382012367248535
9.197455406188965
8.588738441467285
10.605655670166016
8.86953067779541
10.268670082092285
10.61612606048584
8.965679168701172
9.989144325256348
9.136645317077637
9.045327186584473
8.568460464477539
9.089254379272461
10.095210075378418
9.516738891601562
10.431907653808594
6.860466480255127
8.255889892578125
8.422850608825684
9.911471366882324
9.709967613220215
9.34057903289795
10.367268562316895
9.738874435424805
9.751570701599121
9.616707801818848
10.66065788269043
10.036381721496582
8.996258735656738
9.155983924865723
9.140459060668945
10.610514640808105
7.3526387214660645
9.723429679870605
7.82977294921875
7.732457637786865
6.459596633911133
9.678028106689453
9.405097007751465
8.487574577331543
8.300619125366211
8.35156536102295
10.403218269348145
9.707540512084961
8.479912757873535
10.526122093200684
6.56126070022583
8.840789794921875
8.743432998657227
9.368260383605957
8.071215629577637
8.301599502563477
8.297711372375488
8.808621406555176
9.974471092224121
7.765500545501709
7.9846696853637695
8.671878814697266
9.079833030700684
10.67086410522461
8.556915283203125
9.358736991882324
7.5919060707092285
8.803165435791016
9.877058982849121
8.864354133605957
6.763538837432861
9.971384048461914
10.59596061706543
9.6742582321167
8.8292236328125
8.307395935058594
6.225867748260498
8.357839584350586
9.570001602172852
9.178302764892578
7.872541904449463
9.574762344360352
8.659295082092285
10.477584838867188
7.720353603363037
10.71068286895752
9.422586441040039
9.253060340881348
8.921197891235352
9.340633392333984
8.394768714904785
10.034919738769531
10.278120040893555
8.08954906463623
9.483179092407227
8.54153060913086
9.497461318969727
7.356470108032227
10.364469528198242
8.051243782043457
9.477132797241211
6.316884994506836
9.336414337158203
10.658723831176758
7.900013446807861
9.276721954345703
9.222618103027344
8.468317985534668
8.229448318481445
9.086918830871582
7.802990913391113
9.440475463867188
6.466214179992676
9.509696006774902
8.644699096679688
9.28119945526123
8.897751808166504
8.237936019897461
8.424765586853027
8.898176193237305
10.166001319885254
7.966619491577148
9.734548568725586
10.028099060058594
9.041789054870605
7.960267066955566
9.320005416870117
8.539493560791016
8.01729965209961
8.406343460083008
7.9369378089904785
9.672710418701172
8.741689682006836
10.404829025268555
9.921672821044922
9.665701866149902
9.041699409484863
10.245742797851562
9.40761947631836
9.864928245544434
8.219048500061035
9.718934059143066
9.232983589172363
10.053526878356934
8.14359188079834
9.760485649108887
9.62905216217041
9.024759292602539
8.16203498840332
8.255228042602539
9.644993782043457
9.064116477966309
9.152191162109375
8.875581741333008
9.074053764343262
9.87251091003418
8.570928573608398
8.651100158691406
9.835320472717285
9.641336441040039
8.956518173217773
9.069089889526367
6.398494720458984
9.917208671569824
10.105966567993164
9.997825622558594
8.072243690490723
8.995869636535645
9.569159507751465
10.137372970581055
9.77276611328125
9.33866024017334
7.383647441864014
8.250402450561523
9.177916526794434
10.258788108825684
8.142128944396973
7.871608257293701
9.291574478149414
9.255216598510742
9.779390335083008
9.468221664428711
8.952337265014648
9.72240924835205
10.104930877685547
8.664009094238281
8.47647762298584
10.181241989135742
9.633028030395508
5.773078918457031
9.802879333496094
9.018899917602539
3.922168016433716
8.915925025939941
7.954637050628662
9.628118515014648
10.449615478515625
7.141279697418213
9.439192771911621
9.39417839050293
9.341197967529297
8.822341918945312
7.589240074157715
10.190095901489258
7.011298179626465
7.854123115539551
8.548796653747559
8.755393028259277
8.724745750427246
8.763427734375
10.943365097045898
10.539812088012695
5.313051700592041
8.878401756286621
10.040688514709473
9.581944465637207
9.649114608764648
8.769023895263672
10.232665061950684
6.702247619628906
7.169749736785889
9.208467483520508
10.226799964904785
9.841280937194824
8.598387718200684
9.064510345458984
9.32164478302002
8.12859058380127
9.910579681396484
8.655077934265137
9.325467109680176
7.488969326019287
10.2835693359375
9.302717208862305
9.87166690826416
9.396269798278809
8.95492172241211
10.184901237487793
5.770532608032227
10.293155670166016
8.45316219329834
9.689655303955078
9.229292869567871
7.108187675476074
9.572994232177734
10.340092658996582
10.357844352722168
9.775144577026367
7.052796363830566
8.971056938171387
10.66666316986084
8.773374557495117
8.073469161987305
8.885592460632324
8.482044219970703
8.280610084533691
9.585089683532715
8.457429885864258
9.3530912399292
9.425506591796875
8.731100082397461
9.168221473693848
9.486767768859863
9.050864219665527
9.445841789245605
9.735091209411621
9.057077407836914
8.25247573852539
10.015379905700684
9.28537654876709
9.620147705078125
9.476571083068848
6.693702220916748
8.151854515075684
9.052483558654785
9.864962577819824
8.700987815856934
8.961333274841309
8.203866004943848
9.213203430175781
9.168984413146973
8.261478424072266
7.232104778289795
9.179295539855957
8.708028793334961
10.267021179199219
9.3977632522583
7.656857490539551
7.9656758308410645
8.77010726928711
8.48713207244873
9.185556411743164
9.72882080078125
10.008525848388672
