9.26115894317627
8.4379243850708
8.887190818786621
7.35252046585083
7.505486965179443
8.300089836120605
8.634636878967285
9.364846229553223
9.084456443786621
7.848690032958984
8.038647651672363
7.820586204528809
6.724603176116943
7.328857421875
9.318900108337402
9.981822967529297
8.004334449768066
6.882632732391357
8.632708549499512
8.131357192993164
10.100191116333008
10.151036262512207
9.442283630371094
7.017230033874512
9.079355239868164
9.757180213928223
7.358670234680176
7.055695056915283
8.050405502319336
10.381280899047852
6.6879353523254395
8.473245620727539
9.785628318786621
6.397388458251953
9.082158088684082
8.509736061096191
9.243091583251953
7.8763227462768555
9.05456256866455
10.50568675994873
9.63352108001709
9.51038932800293
8.860130310058594
8.769848823547363
7.950491905212402
7.900420188903809
7.8843183517456055
6.139682769775391
8.334064483642578
8.170856475830078
7.53097677230835
6.428198337554932
8.351285934448242
8.38688850402832
6.838842868804932
8.201865196228027
7.594091892242432
9.759001731872559
8.22964859008789
8.607147216796875
8.716812133789062
8.185660362243652
7.275315761566162
8.563918113708496
8.09982967376709
8.902560234069824
8.763870239257812
7.664497375488281
8.662680625915527
7.8857340812683105
9.129150390625
10.154250144958496
8.444890975952148
7.693542003631592
7.837738037109375
8.6141996383667
6.9836225509643555
9.973033905029297
8.263011932373047
9.569014549255371
7.435525894165039
9.631948471069336
9.384420394897461
8.59374713897705
8.090191841125488
6.367346286773682
6.966599464416504
8.63086223602295
8.526845932006836
7.996859073638916
8.69460678100586
7.507412433624268
8.355866432189941
9.161416053771973
8.499944686889648
6.960870742797852
8.65005874633789
9.102343559265137
8.341890335083008
5.763213634490967
9.15881061553955
8.550202369689941
8.989989280700684
8.83846664428711
7.515530109405518
6.5884928703308105
8.099717140197754
7.617897987365723
9.01159381866455
8.066781044006348
9.322957992553711
8.330120086669922
8.382134437561035
8.312787055969238
7.834121227264404
7.652034759521484
8.63158893585205
9.184334754943848
7.918963432312012
8.277472496032715
8.659061431884766
5.382425308227539
9.349769592285156
8.063826560974121
9.64891242980957
7.7340087890625
8.99797534942627
7.935423374176025
9.590888977050781
8.777405738830566
8.685437202453613
8.515711784362793
7.716477870941162
5.850434303283691
8.820487022399902
6.342499256134033
9.062298774719238
8.160392761230469
7.9276041984558105
9.507428169250488
10.295309066772461
8.435652732849121
8.894972801208496
8.221206665039062
7.901865482330322
8.293160438537598
6.458050727844238
8.482781410217285
8.568653106689453
9.430196762084961
9.477031707763672
8.987550735473633
7.3497209548950195
9.009969711303711
8.687267303466797
8.185317993164062
9.174277305603027
7.328786849975586
8.88882827758789
7.111810684204102
8.114697456359863
7.606544017791748
9.816970825195312
8.016242027282715
9.042933464050293
8.803836822509766
9.430177688598633
9.499044418334961
9.540792465209961
8.394103050231934
8.275290489196777
8.718037605285645
8.714219093322754
9.012125968933105
9.97813606262207
9.82301139831543
8.711713790893555
8.723860740661621
8.084781646728516
9.473484992980957
8.11033821105957
9.502696990966797
8.262199401855469
9.406546592712402
8.096403121948242
9.54971694946289
9.379504203796387
9.879765510559082
8.340530395507812
9.389966011047363
9.677687644958496
9.192498207092285
9.36774730682373
8.458244323730469
9.766911506652832
8.300711631774902
8.632833480834961
9.178460121154785
9.124085426330566
7.371041774749756
9.160168647766113
8.137384414672852
6.984751224517822
9.811888694763184
8.897891998291016
8.837552070617676
8.866528511047363
7.805798530578613
8.17135238647461
9.275726318359375
9.796741485595703
9.18995475769043
8.108013153076172
9.672565460205078
8.035370826721191
10.239168167114258
9.867080688476562
8.4081449508667
9.281715393066406
8.89733600616455
9.756674766540527
8.164229393005371
8.00521183013916
9.965630531311035
8.881319999694824
10.186410903930664
6.958683490753174
7.896603584289551
8.25976276397705
9.959046363830566
9.352433204650879
8.550832748413086
9.616637229919434
8.635642051696777
9.644401550292969
8.719511032104492
10.223942756652832
9.828778266906738
8.64053726196289
8.994227409362793
8.054875373840332
10.045086860656738
6.879574775695801
8.889482498168945
7.703366279602051
6.818748950958252
5.9137678146362305
9.14946174621582
8.549751281738281
7.662869453430176
7.951526165008545
8.009613990783691
9.907264709472656
8.08216667175293
8.244176864624023
9.323714256286621
6.458956718444824
8.13693904876709
7.798623085021973
9.0017728805542
8.30373764038086
8.249096870422363
7.454739093780518
7.784931659698486
9.256662368774414
6.874342441558838
7.598213195800781
7.89461612701416
8.182729721069336
9.972020149230957
7.249325752258301
9.470074653625488
7.667161464691162
8.351927757263184
8.934944152832031
9.291104316711426
6.741057395935059
8.735563278198242
10.404339790344238
9.317085266113281
9.051856994628906
7.8172526359558105
6.229410648345947
8.132853507995605
9.274405479431152
8.988119125366211
7.417940616607666
9.256702423095703
8.26180362701416
9.95522689819336
7.484609603881836
9.740704536437988
8.911710739135742
9.138073921203613
8.715455055236816
8.324943542480469
7.71981143951416
9.786924362182617
10.050628662109375
7.248152732849121
8.914433479309082
7.855385780334473
8.357970237731934
7.01999044418335
9.191424369812012
7.726694583892822
8.853561401367188
6.6236958503723145
9.131826400756836
10.336814880371094
7.4780778884887695
8.94474983215332
9.75058650970459
7.9320068359375
7.50721549987793
8.568286895751953
7.450608730316162
8.523524284362793
6.1940765380859375
9.209616661071777
8.205099105834961
9.561013221740723
8.231302261352539
7.564892768859863
7.406874179840088
8.16867733001709
9.22146224975586
7.788008689880371
8.79399299621582
9.536147117614746
8.158263206481934
7.258724212646484
8.936905860900879
8.188475608825684
8.395052909851074
7.894922733306885
7.473715782165527
9.572957992553711
7.931040287017822
9.273061752319336
9.437189102172852
9.458038330078125
8.231463432312012
9.378265380859375
9.138076782226562
9.16628646850586
7.760966777801514
8.854503631591797
8.629035949707031
9.757328033447266
7.798004627227783
9.323894500732422
8.885319709777832
8.777732849121094
7.48792028427124
7.951606750488281
9.11506175994873
8.655802726745605
8.614799499511719
8.373366355895996
8.024811744689941
9.117362976074219
8.948089599609375
7.361719131469727
9.438504219055176
8.918898582458496
8.692687034606934
8.335760116577148
6.242452621459961
9.555039405822754
9.560312271118164
9.000349998474121
7.519571304321289
8.021678924560547
9.073391914367676
9.192110061645508
9.502778053283691
9.38086223602295
6.476914882659912
6.953488826751709
8.634132385253906
10.706462860107422
7.347015380859375
7.169573783874512
8.428595542907715
8.651834487915039
9.209775924682617
9.050983428955078
8.410096168518066
9.335182189941406
9.815322875976562
7.8077778816223145
7.7774739265441895
9.643839836120605
9.292078971862793
5.621245861053467
8.870537757873535
8.95016098022461
4.2027668952941895
9.029706954956055
6.781035900115967
9.126749992370605
10.735968589782715
6.905283451080322
9.333971977233887
8.828198432922363
8.705086708068848
8.253771781921387
7.272040367126465
9.698065757751465
6.843740463256836
7.546572685241699
8.331643104553223
7.552125930786133
8.958319664001465
7.28769063949585
10.195003509521484
9.944697380065918
5.214298248291016
8.59360408782959
9.65507984161377
9.025965690612793
9.04836654663086
7.648179531097412
9.966867446899414
6.457996845245361
7.423043727874756
9.096536636352539
9.0934476852417
8.796209335327148
8.831640243530273
8.66311264038086
8.544364929199219
8.097606658935547
9.81347370147705
7.898440361022949
9.079740524291992
7.11617374420166
9.67330551147461
8.718074798583984
10.111163139343262
8.484274864196777
8.503753662109375
9.667503356933594
4.833219051361084
9.31406307220459
7.277609825134277
8.361031532287598
8.222953796386719
5.834906578063965
9.066940307617188
9.675487518310547
9.874772071838379
9.502153396606445
6.455202579498291
8.299182891845703
9.452693939208984
8.011635780334473
7.571481227874756
7.760653018951416
8.08089828491211
8.370889663696289
9.321090698242188
7.874842166900635
9.065118789672852
8.34975814819336
8.176634788513184
8.964746475219727
9.191675186157227
7.979733467102051
8.325148582458496
9.270405769348145
8.51817798614502
7.67513370513916
9.28194808959961
8.736268043518066
8.76908016204834
8.847687721252441
6.447111129760742
8.4490385055542
8.04959487915039
9.407885551452637
8.4052734375
8.101075172424316
7.579400539398193
8.426316261291504
9.438628196716309
7.240021228790283
7.791404724121094
9.199170112609863
8.284345626831055
9.747855186462402
7.706186771392822
7.274922847747803
7.698716163635254
8.544054985046387
8.101768493652344
8.983785629272461
10.073087692260742
10.131963729858398
