8.858214378356934
8.052962303161621
8.734682083129883
6.804290294647217
7.253259658813477
8.007125854492188
8.248820304870605
8.958279609680176
8.627924919128418
7.566164970397949
7.620574951171875
7.335026264190674
6.480330467224121
6.938157558441162
9.23087215423584
9.733048439025879
7.803805351257324
6.828314781188965
8.251971244812012
7.647464275360107
9.628649711608887
9.799938201904297
9.208578109741211
6.8421950340271
8.729471206665039
9.44056224822998
6.8600263595581055
6.970677375793457
7.70475435256958
10.065553665161133
6.45994234085083
8.096820831298828
9.493623733520508
6.1479997634887695
8.911349296569824
7.96168327331543
9.003965377807617
7.898540019989014
8.719749450683594
10.201828002929688
9.541526794433594
8.9998197555542
8.551036834716797
8.148721694946289
7.497632026672363
7.701019287109375
7.489036560058594
5.687832355499268
7.8977131843566895
8.147065162658691
7.322993278503418
5.824833393096924
8.219306945800781
8.128222465515137
6.711149215698242
7.985686302185059
7.468348979949951
9.441802024841309
7.648390293121338
8.293501853942871
8.577187538146973
8.050529479980469
6.7998762130737305
8.466253280639648
7.666600227355957
8.77864933013916
8.369978904724121
7.232180118560791
8.409257888793945
7.854331016540527
8.892016410827637
10.015166282653809
8.031148910522461
7.203030586242676
7.60657262802124
8.423548698425293
6.717474937438965
9.381800651550293
8.018522262573242
8.991333961486816
7.39341402053833
9.223206520080566
9.207831382751465
8.327047348022461
7.728099822998047
6.216612339019775
6.49948787689209
8.613775253295898
8.054957389831543
7.699975967407227
8.371697425842285
7.4656267166137695
8.283954620361328
8.91878890991211
8.075141906738281
6.830636501312256
8.46337890625
8.647359848022461
7.9337663650512695
5.342910289764404
8.865859985351562
8.34399700164795
8.276447296142578
8.467368125915527
7.285786151885986
6.354485988616943
7.3745598793029785
7.328309059143066
8.572303771972656
7.965019702911377
9.056930541992188
7.949188709259033
7.799180030822754
8.140990257263184
7.435691833496094
7.388820171356201
8.320293426513672
8.826964378356934
7.212586402893066
7.999619483947754
8.3467435836792
5.106330871582031
8.958525657653809
7.925062656402588
9.36332893371582
7.38185977935791
8.839900970458984
7.527657985687256
9.12417984008789
8.088824272155762
8.269835472106934
8.281891822814941
7.508370876312256
5.622946739196777
8.480768203735352
6.0374755859375
8.658543586730957
7.703108787536621
7.66426944732666
8.971450805664062
10.173755645751953
8.197011947631836
8.426576614379883
7.666965484619141
7.7482380867004395
7.729736328125
6.195935249328613
8.236982345581055
8.250814437866211
8.905142784118652
9.324142456054688
8.323692321777344
7.064028263092041
9.034605979919434
8.225700378417969
8.06843090057373
8.770355224609375
7.107994079589844
8.231929779052734
6.8435516357421875
7.868549823760986
7.3426513671875
9.737483978271484
7.565032958984375
8.52523422241211
8.075623512268066
9.032232284545898
9.177360534667969
9.22556209564209
8.116734504699707
7.862424373626709
8.346256256103516
8.218764305114746
8.482614517211914
9.38917350769043
9.725613594055176
8.28539752960205
8.67447566986084
7.592956066131592
8.994891166687012
7.604983806610107
9.122629165649414
7.804956436157227
9.437535285949707
7.610023021697998
9.038945198059082
9.032098770141602
9.769153594970703
7.946126461029053
8.982283592224121
9.30879020690918
8.794931411743164
9.087624549865723
8.07532787322998
9.529146194458008
8.22364616394043
8.346080780029297
8.738140106201172
8.752659797668457
7.089663028717041
8.68726921081543
7.67356538772583
6.697824001312256
9.385910034179688
8.5321044921875
8.494909286499023
8.24010181427002
7.402926445007324
7.708167552947998
8.826904296875
9.518431663513184
9.046048164367676
7.8501434326171875
9.01433277130127
7.669681072235107
9.739920616149902
9.493212699890137
8.29838752746582
8.991096496582031
8.697247505187988
9.796298027038574
7.979975700378418
7.248930931091309
9.713001251220703
8.333921432495117
9.638253211975098
6.796314239501953
7.409644603729248
7.9808855056762695
9.746719360351562
8.982332229614258
8.137774467468262
8.89087963104248
8.14803409576416
9.453234672546387
8.346633911132812
9.80721664428711
9.62580680847168
8.499235153198242
8.73550033569336
7.505166053771973
9.454216957092285
6.840897560119629
8.664801597595215
7.713437557220459
6.473145484924316
5.758816719055176
8.835115432739258
7.828073024749756
7.358116149902344
7.851883411407471
7.775569915771484
9.525728225708008
7.120410919189453
8.1087646484375
8.582944869995117
6.440473556518555
7.800047397613525
7.606908321380615
8.773576736450195
7.960443019866943
7.993649482727051
6.968783378601074
7.545483589172363
8.883621215820312
6.621540069580078
7.350036144256592
7.606935501098633
7.760392665863037
9.658432960510254
6.740085601806641
9.477872848510742
7.517892360687256
8.107505798339844
8.745197296142578
9.367656707763672
6.671282768249512
8.200743675231934
10.061786651611328
8.814949989318848
9.0838623046875
7.45745849609375
6.058312892913818
7.889951229095459
8.761672973632812
8.540542602539062
7.288996696472168
9.0463285446167
7.984715461730957
9.236510276794434
7.254695892333984
9.228872299194336
8.560440063476562
8.816596984863281
8.31122875213623
7.712920188903809
7.01359224319458
9.284697532653809
9.595942497253418
6.755389213562012
8.58971881866455
7.505820274353027
8.082612037658691
6.5727858543396
8.587165832519531
7.488940715789795
8.413728713989258
6.619511127471924
8.749388694763184
9.96070671081543
7.246699333190918
8.72048568725586
9.52921199798584
7.678320407867432
6.944247245788574
8.179874420166016
7.329772472381592
8.014021873474121
6.194104194641113
8.85167407989502
7.678838729858398
9.48676872253418
7.933062553405762
7.153702259063721
6.623344421386719
7.774543762207031
8.855391502380371
7.681332588195801
8.423652648925781
9.021134376525879
7.786458492279053
6.851792335510254
8.69815731048584
7.9149169921875
8.202544212341309
7.656119346618652
7.269189834594727
9.276827812194824
7.541601657867432
8.530749320983887
9.091095924377441
9.207160949707031
7.905224800109863
8.732582092285156
9.039124488830566
8.790874481201172
7.665951728820801
8.529510498046875
8.405622482299805
9.531173706054688
7.465306282043457
8.872186660766602
8.011983871459961
8.504537582397461
7.339189529418945
7.8846845626831055
8.912485122680664
8.022394180297852
8.468352317810059
8.215241432189941
7.548295974731445
8.619734764099121
8.7755126953125
6.839699745178223
9.442216873168945
8.460681915283203
8.461996078491211
7.941653728485107
6.052790641784668
9.112286567687988
9.244850158691406
8.627010345458984
7.132812023162842
7.680692672729492
8.696455001831055
8.728394508361816
9.058955192565918
9.141683578491211
5.941065788269043
6.583542823791504
8.335394859313965
10.48288631439209
6.920900344848633
6.806350231170654
8.140094757080078
8.31833553314209
8.713705062866211
8.922659873962402
7.951045036315918
8.782622337341309
9.620149612426758
7.407606601715088
7.133763790130615
9.304798126220703
8.971000671386719
5.126644611358643
8.323770523071289
8.78586483001709
4.250761032104492
8.8851318359375
6.279463291168213
8.69469165802002
10.527108192443848
6.674732208251953
9.274593353271484
8.13575553894043
8.420808792114258
8.104434967041016
7.0706868171691895
9.280200004577637
6.951847553253174
7.335262298583984
8.114163398742676
7.0070881843566895
8.79299545288086
6.573458194732666
9.617595672607422
9.299778938293457
5.076115608215332
8.408600807189941
9.314346313476562
8.61215877532959
8.660600662231445
7.323519229888916
9.65314769744873
6.197942733764648
7.4170918464660645
8.539875030517578
8.423534393310547
8.299477577209473
8.78158187866211
8.293355941772461
8.095742225646973
8.085801124572754
9.490814208984375
7.731189250946045
8.530342102050781
6.9247846603393555
9.208958625793457
8.192543983459473
10.301605224609375
8.054826736450195
8.233752250671387
9.318984031677246
4.704358100891113
8.60805892944336
6.843008041381836
7.577545642852783
7.804558277130127
5.318026542663574
8.580110549926758
9.30090618133545
9.242841720581055
9.278306007385254
6.166783332824707
7.737510681152344
8.79104232788086
7.41766881942749
7.385032653808594
7.091437339782715
7.703624725341797
8.188512802124023
9.062679290771484
7.498614311218262
8.586688041687012
7.787764072418213
7.765172481536865
8.61118221282959
8.83968734741211
7.695201873779297
7.908115386962891
8.776702880859375
8.326933860778809
7.348525524139404
8.52802848815918
8.378000259399414
8.160481452941895
8.427411079406738
6.386033535003662
8.267008781433105
7.404012203216553
9.099592208862305
7.999454975128174
7.817776203155518
7.368070602416992
8.229086875915527
8.945568084716797
6.743498802185059
7.835833549499512
8.919346809387207
8.014809608459473
9.71741771697998
7.115325927734375
6.863763332366943
7.5736541748046875
8.27975845336914
7.875723838806152
8.835747718811035
9.910643577575684
9.96630859375
