-3.611731767654419
-2.632669687271118
-2.953829765319824
-3.58604097366333
-3.501246929168701
-2.569523334503174
-4.0507283210754395
-3.1842966079711914
-3.5155787467956543
-3.8598926067352295
-3.141336679458618
-2.8031599521636963
-2.799661636352539
-3.8208863735198975
-3.7196061611175537
-2.058835506439209
-3.9545631408691406
-3.92368745803833
-3.5458567142486572
-3.6640915870666504
-3.1839988231658936
-3.640450954437256
-3.3612170219421387
-1.227583408355713
-3.1173508167266846
-3.778273582458496
-1.3431828022003174
-3.0340096950531006
-3.5067570209503174
-3.765878200531006
-3.5924341678619385
-3.9104158878326416
-4.253138065338135
-3.4193990230560303
-3.2678871154785156
-4.026869297027588
-2.952091932296753
-3.2061898708343506
-3.9366862773895264
-3.0380566120147705
-3.7499847412109375
-4.127137184143066
-3.9628727436065674
-3.4237446784973145
-3.266888380050659
-1.7650638818740845
-4.29557466506958
-2.9528086185455322
-4.142892360687256
-3.097759246826172
-3.352142095565796
-4.063167572021484
-3.8563811779022217
-3.459934949874878
-3.3975985050201416
-3.986982583999634
-3.7026522159576416
-4.052153587341309
-2.924996852874756
-3.3199350833892822
-3.467106580734253
-2.7732956409454346
-3.375004529953003
-2.543876886367798
-4.132538318634033
-3.4185047149658203
-3.370431423187256
-4.430289268493652
-3.343785285949707
-4.124183177947998
-2.9139997959136963
-2.8127050399780273
-3.7116386890411377
-3.8869869709014893
-3.804523229598999
-3.648244619369507
-3.1399505138397217
-4.386451244354248
-3.92193865776062
-2.883988380432129
-3.038048028945923
-3.9909417629241943
-3.806462526321411
-2.852321147918701
-2.8702738285064697
-4.359786033630371
-4.346240520477295
-3.7644777297973633
-2.7626354694366455
-3.3530752658843994
-3.5030391216278076
-2.5575578212738037
-3.7052035331726074
-2.884443759918213
-4.220918655395508
-3.491853952407837
-3.720198631286621
-2.0273072719573975
-3.6430721282958984
-3.923607587814331
-3.6907901763916016
-3.964918375015259
-4.437732696533203
-3.4884262084960938
-2.5990495681762695
-3.5616118907928467
-3.528019666671753
-4.292352199554443
-3.6385629177093506
-3.822453260421753
-3.161499500274658
-1.645868182182312
-2.176959753036499
-3.23376727104187
-3.8316802978515625
-2.7154219150543213
-3.50522518157959
-4.357966423034668
-3.1728832721710205
-3.5089221000671387
-2.1216039657592773
-2.1147916316986084
-2.289353370666504
-3.1394598484039307
-3.729856491088867
-3.9814882278442383
-2.6539511680603027
-3.004821538925171
-2.749983072280884
-3.860131025314331
-2.524963140487671
-3.525925397872925
-2.928995370864868
-1.8324986696243286
-2.3805253505706787
-2.988727331161499
-3.000129222869873
-3.009960651397705
-3.7683651447296143
-3.708892822265625
-4.1200408935546875
-2.8364179134368896
-2.80784010887146
-3.2031571865081787
-2.6818766593933105
-3.3977279663085938
-3.1223227977752686
-1.1124874353408813
-2.878275156021118
-4.096967697143555
-2.20747447013855
-3.0813047885894775
-4.168131351470947
-2.9338972568511963
-3.0597469806671143
-2.4875144958496094
-0.9640185832977295
-4.217589855194092
-3.314986228942871
-3.8396830558776855
-1.9662117958068848
-1.6875826120376587
-2.8070757389068604
-3.5760910511016846
-3.151984930038452
-3.994004487991333
-3.6343913078308105
-3.5819895267486572
-3.6262552738189697
-2.177175283432007
-3.9336397647857666
-4.316659450531006
-3.4697885513305664
-3.682623863220215
-3.075286626815796
-2.9701292514801025
-3.739969491958618
-3.314995050430298
-3.900261640548706
-3.5770411491394043
-3.0628063678741455
-3.3485045433044434
-4.086427688598633
-2.6606926918029785
-3.7946624755859375
-4.211544036865234
-2.9895834922790527
-2.010688066482544
-2.8768770694732666
-2.9454071521759033
-3.4883813858032227
-3.6515114307403564
-3.8818271160125732
-3.44649338722229
-3.754060983657837
-3.832782506942749
-2.751575469970703
-3.6538033485412598
-2.7397055625915527
-2.9296867847442627
-2.071563482284546
-2.879951238632202
-2.725789785385132
-3.7187142372131348
-3.489433765411377
-4.848576545715332
-3.4757814407348633
-2.967120885848999
-2.723867893218994
-3.2441141605377197
-3.947310447692871
-3.5678610801696777
-3.6659302711486816
-4.607517719268799
-2.913463592529297
-3.971811294555664
-2.1648001670837402
-3.5730769634246826
-2.6182470321655273
-3.4938740730285645
-3.646413564682007
-2.6521594524383545
-3.919102430343628
-3.3466782569885254
-3.900541305541992
-3.108900308609009
-4.487319469451904
-3.8015825748443604
-3.051266670227051
-2.390174150466919
-3.467738151550293
-3.6670093536376953
-2.6095309257507324
-3.4200546741485596
-2.8279590606689453
-4.039058685302734
-3.381699800491333
-2.8600082397460938
-2.2956290245056152
-3.032123327255249
-2.8814034461975098
-3.4925479888916016
-3.326117515563965
-2.2641313076019287
-3.5389304161071777
-2.176511764526367
-1.8348491191864014
-2.9776148796081543
-3.2632999420166016
-3.388110876083374
