-3.679713249206543
-3.863739013671875
-3.7088356018066406
-3.3303134441375732
-4.6221604347229
-2.954089403152466
-4.22602653503418
-2.5733892917633057
-2.956474781036377
-3.451920986175537
-4.131663799285889
-2.8800723552703857
-2.9307219982147217
-3.6488795280456543
-2.4259533882141113
-3.8914523124694824
-3.586399793624878
-3.9086947441101074
-3.1609647274017334
-4.039818286895752
-3.396141529083252
-3.251624822616577
-3.224774122238159
-2.8886590003967285
-3.258897304534912
-3.123800754547119
-4.544257640838623
-3.575915575027466
-3.6287224292755127
-3.8112406730651855
-3.7321221828460693
-4.434072971343994
-2.7591910362243652
-4.2913713455200195
-3.240701198577881
-4.3540449142456055
-3.776522397994995
-2.8566439151763916
-3.3695285320281982
-2.5113022327423096
-2.6683733463287354
-3.389352321624756
-3.7531168460845947
-3.4531702995300293
-3.9839584827423096
-3.314810037612915
-3.6930184364318848
-3.8779101371765137
-3.170408010482788
-3.4498209953308105
-3.7162318229675293
-3.7155330181121826
-2.664755344390869
-3.853012800216675
-4.036215782165527
-3.14499568939209
-2.594012498855591
-2.4699718952178955
-4.227389812469482
-3.969670534133911
-3.452777147293091
-3.4899325370788574
-4.083009719848633
-3.010044813156128
-2.8225643634796143
-3.2541449069976807
-3.0797672271728516
-2.342470645904541
-3.7747857570648193
-3.8502252101898193
-4.173133373260498
-3.7907299995422363
-3.6620101928710938
-3.315836191177368
-3.7937867641448975
-4.556271076202393
-2.906385898590088
-3.593798875808716
-3.6890201568603516
-3.2154691219329834
-3.8858261108398438
-3.884185552597046
-3.7347605228424072
-3.014129877090454
-3.3538100719451904
-3.9507784843444824
-4.342499256134033
-3.380383014678955
-4.135654449462891
-3.4410107135772705
-3.7009317874908447
-3.0946500301361084
-4.021774768829346
-3.0521793365478516
-3.0820748805999756
-2.728091239929199
-4.122004508972168
-3.7946274280548096
-3.1581645011901855
-3.9034245014190674
-3.419443130493164
-3.779876470565796
-3.7712562084198
-3.6802103519439697
-3.4322075843811035
-3.8959600925445557
-4.624678611755371
-3.060457229614258
-4.039453029632568
-3.7645342350006104
-2.635756492614746
-3.7578346729278564
-3.5620076656341553
-3.8712289333343506
-2.140789747238159
-3.3944084644317627
-2.8632044792175293
-4.153414726257324
-4.197773456573486
-2.897833824157715
-4.154045104980469
-4.025950908660889
-3.8528261184692383
-3.6681478023529053
-4.129201412200928
-3.7661147117614746
-3.9171998500823975
-2.5585920810699463
-3.9015069007873535
-2.5943682193756104
-3.60699725151062
-3.9364206790924072
-3.5373764038085938
-3.4534802436828613
-3.0287344455718994
-3.267155408859253
-3.394301652908325
-3.237828493118286
-2.4383676052093506
-3.9750351905822754
-3.699547529220581
-4.086665153503418
-2.1707468032836914
-3.1242690086364746
-3.8997111320495605
-2.333508014678955
-2.247727394104004
-4.608128547668457
-3.5836987495422363
-3.7444934844970703
-3.711639165878296
-3.2465522289276123
-4.09462833404541
-3.8841960430145264
-2.933995008468628
-3.0160539150238037
-2.4942314624786377
-3.557006597518921
-3.8322062492370605
-3.91858172416687
-4.255392551422119
-1.684571623802185
-2.5604805946350098
-3.524523973464966
-3.311624526977539
-3.4906442165374756
-3.706657886505127
-2.957385540008545
-4.237184524536133
-3.5883052349090576
-1.7736642360687256
-3.8599092960357666
-1.5889126062393188
-2.5644071102142334
-3.306039810180664
-3.9544625282287598
-3.786998748779297
-3.5647945404052734
-3.516757011413574
-4.353693008422852
-2.38089656829834
-3.039712905883789
-4.031357288360596
-3.826331377029419
-3.731889009475708
-3.927729606628418
-4.4213762283325195
-3.556002378463745
-4.064814567565918
-2.3548262119293213
-2.9381632804870605
-3.4697155952453613
-2.8803329467773438
-3.2662136554718018
-4.029884338378906
-3.4520740509033203
-3.048858404159546
-4.085642337799072
-4.302370071411133
-3.7799041271209717
-3.358819007873535
-4.236619472503662
-3.354861259460449
-4.205600261688232
-3.6427547931671143
-3.7169580459594727
-2.7588627338409424
-2.077338457107544
-3.376532793045044
-3.2939395904541016
-2.606221914291382
-3.1424560546875
-3.465149402618408
-3.6780519485473633
-4.040846347808838
-2.073012351989746
-2.83431077003479
-2.8065006732940674
-4.065713882446289
-4.197801113128662
-3.722036123275757
-4.104058742523193
-3.6279094219207764
-3.6383118629455566
-2.6107020378112793
-2.9693233966827393
-3.9399983882904053
-4.320257663726807
-2.431881904602051
-4.425143241882324
-3.1830804347991943
-3.388139009475708
-3.137925386428833
-2.4081645011901855
-3.847203016281128
-2.068066358566284
-3.926593542098999
-2.4004390239715576
-3.5069499015808105
-3.2246265411376953
-4.2885236740112305
-3.6782162189483643
-3.769106864929199
-3.3311774730682373
-2.9373433589935303
-3.3127567768096924
-4.029514789581299
-4.246640682220459
-3.134166955947876
-3.113191604614258
