-9.378554344177246
-7.343115329742432
-3.7422306537628174
-5.590603351593018
-5.89618444442749
-7.690155506134033
-4.586451053619385
-5.113058567047119
-4.20180606842041
-5.600656986236572
-7.398942470550537
-6.703704357147217
-5.119234085083008
-4.445397853851318
-4.94600772857666
-5.468267917633057
-7.854196071624756
-3.9609460830688477
-7.58726167678833
-3.384214401245117
-7.353982925415039
-6.327589511871338
-4.125809192657471
-4.347039699554443
-7.826914310455322
-5.114631175994873
-7.221370697021484
-5.009204387664795
-4.192386150360107
-8.37964153289795
-6.0391011238098145
-5.387463569641113
-8.084149360656738
-4.688031196594238
-8.175702095031738
-6.809786796569824
-6.558675289154053
-5.121567726135254
-8.053143501281738
-4.606955051422119
-6.750016212463379
-3.912398338317871
-2.790168046951294
-6.1284260749816895
-6.679190635681152
-4.798946857452393
-5.965981483459473
-5.940540313720703
-6.427628517150879
-3.072288751602173
-8.802755355834961
-7.461573123931885
-7.04954195022583
-3.4105141162872314
-4.5550360679626465
-4.139184474945068
-4.719423770904541
-5.22974157333374
-7.771871089935303
-3.7297823429107666
-6.639832019805908
-3.6786768436431885
-5.345945835113525
-8.277868270874023
-3.6146280765533447
-6.2199530601501465
-5.8378143310546875
-6.522887706756592
-4.28651237487793
-5.314441204071045
-6.742666244506836
-5.563246250152588
-5.775791168212891
-2.999983787536621
-4.773620128631592
-3.8677759170532227
-3.9504380226135254
-6.916768550872803
-6.044973373413086
-8.67185115814209
-4.513715744018555
-6.891107559204102
-4.935674667358398
-8.049275398254395
-4.437353610992432
-6.585661888122559
-3.2218079566955566
-6.938955307006836
-4.3049211502075195
-5.582430362701416
-5.92747163772583
-6.577441215515137
-5.413703918457031
-3.3739819526672363
-4.301203727722168
-5.190244674682617
-5.008270740509033
-4.237277984619141
-6.2003278732299805
-3.638096570968628
-5.687193393707275
-6.297189235687256
-6.937019348144531
-5.615236759185791
-7.842508316040039
-4.603254318237305
-4.98976993560791
-7.708032608032227
-5.991066932678223
-4.665225505828857
-7.805683612823486
-5.592401504516602
-5.409794330596924
-3.306406259536743
-3.816812515258789
-5.05612325668335
-7.23102331161499
-4.964471817016602
-4.690248966217041
-7.076776027679443
-5.765862941741943
-5.588289260864258
-4.7104363441467285
-5.907986164093018
-5.135977745056152
-4.144464015960693
-4.325309753417969
-8.149624824523926
-4.473902225494385
-6.30804443359375
-6.168252944946289
-5.84067964553833
-5.606412410736084
-9.559552192687988
-4.43272066116333
-2.8036093711853027
-3.4758074283599854
-5.932870388031006
-5.172384738922119
-7.0946364402771
-3.717803955078125
-5.145274639129639
-2.0268571376800537
-8.764116287231445
-4.5609235763549805
-7.178548336029053
-6.990983963012695
-4.868508338928223
-6.99255895614624
-6.27207612991333
-4.413235664367676
-3.512378454208374
-4.377068042755127
-4.131049633026123
-4.885508060455322
-5.445755958557129
-5.673200607299805
-5.007795810699463
-4.152523517608643
-5.913825035095215
-4.205139636993408
-4.9379167556762695
-4.513067722320557
-6.472674369812012
-6.627300262451172
-4.876584529876709
-6.344562530517578
-5.27499532699585
-3.478691816329956
-3.8723413944244385
-4.978065490722656
-4.764402866363525
-4.635085582733154
-5.003817081451416
-8.20920467376709
-4.852673053741455
-4.464405059814453
-5.185260772705078
-7.150454044342041
-6.829407691955566
-4.350826740264893
-3.974360466003418
-7.32157564163208
-6.220530986785889
-9.368860244750977
-4.333770275115967
-3.166799783706665
-4.003838062286377
-3.203571319580078
-5.443061828613281
-7.984857082366943
-3.2700209617614746
-4.519105911254883
-5.115671157836914
-3.8117547035217285
-6.502450466156006
-4.383154392242432
-4.993756294250488
-6.1381731033325195
-4.95661735534668
-8.950121879577637
-6.619273662567139
-3.9542155265808105
-2.9517710208892822
-9.033520698547363
-2.9453012943267822
-5.6685991287231445
-3.4735286235809326
-6.755800724029541
-5.465236186981201
-7.828455448150635
-6.024036407470703
-6.864523887634277
-4.9794416427612305
-5.2912445068359375
-7.704548358917236
-5.450648784637451
-3.917895555496216
-3.9172229766845703
-6.359692573547363
-7.776504039764404
-3.897181987762451
-5.703861713409424
-3.978076696395874
-5.9081220626831055
-4.827290058135986
-5.220759391784668
-5.495456695556641
-7.757205486297607
-8.071889877319336
-7.4900360107421875
-5.636251926422119
-4.3890700340271
-5.355345249176025
-7.695093631744385
-5.387546539306641
-4.9254231452941895
-3.922264575958252
-2.49564790725708
-6.283458709716797
-3.9975204467773438
-6.184108257293701
-3.6368601322174072
-7.341005802154541
-4.91176176071167
-5.505499362945557
-5.056455135345459
-6.919428825378418
-5.828851699829102
-6.776368141174316
-7.862578392028809
-6.203207492828369
-3.5577776432037354
-8.136895179748535
-6.238168716430664
-5.017960548400879
-7.849847316741943
-6.043956756591797
-3.670766592025757
-6.444742202758789
-6.317596912384033
-5.135900020599365
-3.636691093444824
-4.311046123504639
-6.7528815269470215
-5.318883895874023
-7.633316516876221
-3.851938247680664
-9.06914234161377
-3.1158368587493896
-8.082269668579102
-7.4993181228637695
-8.193989753723145
-7.15779972076416
-5.741672515869141
-5.391168117523193
-6.336524486541748
-4.687243938446045
-4.302318572998047
-5.5417962074279785
-4.411580562591553
-7.0732879638671875
-3.6910789012908936
-7.153697490692139
-7.252952575683594
-5.362578868865967
-6.283517360687256
-8.628156661987305
-7.81640625
-3.3231287002563477
-5.704554080963135
-4.999671936035156
-5.903003215789795
-3.905566453933716
-6.714923858642578
-6.430610179901123
-4.465490818023682
-3.45424485206604
-4.445377826690674
-5.875885963439941
-3.980151891708374
-2.754774570465088
-4.391018390655518
-3.594999313354492
-4.099974155426025
-5.574062347412109
-3.0985519886016846
-8.473575592041016
-3.065042018890381
-8.16413402557373
-3.772975444793701
-6.377352237701416
-7.803607940673828
-5.108364582061768
-6.941478252410889
-6.890072822570801
-5.056289196014404
-7.508925914764404
-6.115088939666748
-8.401866912841797
-6.030327320098877
-5.034274101257324
-4.217315673828125
-6.412044525146484
-8.784793853759766
-4.280952453613281
-4.71055269241333
-6.3020405769348145
-6.77049446105957
-6.26884126663208
-4.8472137451171875
-3.6183745861053467
-3.513155221939087
-6.101564884185791
-6.5493550300598145
-7.765581130981445
-6.458922863006592
-3.8499057292938232
-5.477557182312012
-3.318356513977051
-3.5042612552642822
-4.884405136108398
-5.986902236938477
-2.280947208404541
-3.5095794200897217
-7.704953670501709
-7.157646656036377
-4.5681586265563965
-5.291964054107666
-3.437567949295044
-6.251759052276611
-7.6684980392456055
-4.816866397857666
-7.341588497161865
-4.177173137664795
-6.956737041473389
-4.595848560333252
-5.338462829589844
-3.432138681411743
-5.183856964111328
-5.070134162902832
-4.964621543884277
-5.933432102203369
-8.047430992126465
-5.945095539093018
-4.112244129180908
-4.46610689163208
-3.93695330619812
-7.996560096740723
-8.049826622009277
-4.467513084411621
-7.001384258270264
-4.928440093994141
-2.3634140491485596
-3.8729207515716553
-7.380356788635254
-7.360132217407227
-1.8404041528701782
-4.321929454803467
-3.4805335998535156
-7.582589626312256
-3.167024850845337
-6.201359748840332
-3.8971152305603027
-3.5401597023010254
-6.739836692810059
-5.637029647827148
-4.982850074768066
-5.046232223510742
-6.674070835113525
-5.463179588317871
-6.22420597076416
-6.574631690979004
-6.780171871185303
-6.092411518096924
-9.068012237548828
-5.700181007385254
-6.720978736877441
-5.425921440124512
-6.420949935913086
-5.7122416496276855
-6.793757438659668
-4.292473316192627
-5.0959696769714355
-5.493582725524902
-5.219928741455078
-5.26490592956543
-5.480896949768066
-4.457277774810791
-8.645755767822266
-4.737310409545898
-8.755843162536621
-4.64808988571167
-6.488525867462158
-2.7259700298309326
-7.594980716705322
-5.8219380378723145
-7.994935989379883
-4.80244255065918
-2.292098045349121
-4.942873477935791
-4.907207012176514
-6.45551061630249
-5.906945705413818
-4.640522480010986
-5.284804821014404
-5.9036078453063965
-7.397702693939209
-8.959171295166016
-3.2286765575408936
-4.381045818328857
-8.280439376831055
-6.569895267486572
-5.897762775421143
-6.327120304107666
-4.764472007751465
-9.166754722595215
-6.727710723876953
-4.071261405944824
-3.9680087566375732
-4.263917922973633
-5.037842750549316
-2.030967950820923
-5.797806262969971
-6.278188228607178
-7.929996967315674
-7.6424431800842285
-4.664521217346191
-1.678910493850708
-3.4640016555786133
-4.1172332763671875
-4.1388044357299805
-7.74500036239624
-2.4440364837646484
-4.21099328994751
-6.544339656829834
-2.9942877292633057
-3.9857873916625977
-7.010832786560059
-4.566584587097168
-7.6468377113342285
-3.5937228202819824
-5.318828105926514
-3.7168025970458984
-3.8155810832977295
-4.941791534423828
-6.563647747039795
-4.639682292938232
-5.2438154220581055
-5.671046733856201
-4.685107707977295
-2.7222518920898438
-5.850257396697998
-4.828133583068848
-4.702960014343262
-4.182318687438965
-4.205201148986816
-8.414958000183105
-4.906376838684082
-4.68137788772583
-4.395880222320557
-4.781194686889648
-7.002557754516602
-4.316237449645996
-4.976039409637451
-1.946479320526123
-5.379058837890625
-7.018213272094727
-5.489007472991943
-9.253687858581543
-7.471473217010498
-3.834467887878418
-5.286339282989502
-4.87984561920166
-6.751842975616455
-6.095069408416748
-6.098892688751221
-4.622211933135986
-5.973123073577881
-4.10495138168335
