5.739271640777588
1.9942036867141724
3.860287666320801
4.302244663238525
6.084658145904541
5.174462795257568
8.974918365478516
10.402460098266602
8.766124725341797
4.662456035614014
7.45935583114624
6.857285976409912
6.30932092666626
5.161744117736816
4.785460948944092
5.424944877624512
5.77578067779541
9.313597679138184
7.242687225341797
8.813690185546875
9.91445541381836
9.918078422546387
5.913180351257324
6.345376968383789
6.980662822723389
5.118748664855957
6.87437105178833
4.431129455566406
10.948301315307617
0.9397351145744324
8.042340278625488
7.231125831604004
6.310199737548828
7.800853252410889
9.996053695678711
5.198150157928467
5.470292568206787
11.523275375366211
8.246739387512207
5.37581729888916
7.829171657562256
6.566888809204102
8.847899436950684
4.508681774139404
10.58502197265625
3.4947662353515625
5.469254493713379
7.561800479888916
3.324249029159546
7.606678009033203
8.174880981445312
5.113311290740967
0.5952484011650085
4.680511951446533
7.059487342834473
6.826228141784668
10.927817344665527
6.056267261505127
8.409624099731445
11.412213325500488
8.524127006530762
6.4007568359375
6.273270606994629
11.563610076904297
6.225447654724121
3.171191453933716
8.326701164245605
5.975093841552734
4.218423843383789
5.0036492347717285
6.780875205993652
2.5538156032562256
7.162549018859863
5.669435977935791
7.493821620941162
9.370786666870117
9.149083137512207
7.997329235076904
5.625275135040283
9.854562759399414
8.400031089782715
8.745179176330566
2.4603774547576904
5.228762149810791
8.500594139099121
6.5051751136779785
4.2234907150268555
8.686124801635742
5.259982109069824
5.117847442626953
4.189671516418457
6.565633773803711
8.650050163269043
4.14829683303833
4.152487277984619
8.423020362854004
8.501827239990234
10.0751371383667
5.00147819519043
8.860095024108887
5.885493755340576
11.582672119140625
4.388195991516113
5.561600208282471
6.7458882331848145
5.100566864013672
6.027897357940674
6.876212120056152
5.758436679840088
4.004748344421387
2.818101644515991
6.834196090698242
8.64848518371582
10.812047004699707
6.300806522369385
8.850067138671875
4.773306846618652
5.849468231201172
4.4515862464904785
6.917420387268066
8.317081451416016
6.312997817993164
4.698118686676025
5.562583923339844
3.613348960876465
3.766940116882324
8.435503005981445
6.896114349365234
6.193755626678467
3.898768424987793
2.8103134632110596
8.884881019592285
6.774660587310791
6.3463358879089355
6.710309982299805
6.346210479736328
8.461565017700195
9.164345741271973
8.75501823425293
7.096632480621338
7.338464736938477
8.458194732666016
5.731750011444092
5.044593811035156
7.060760974884033
2.6539034843444824
9.019622802734375
2.707183599472046
4.957127571105957
5.069525241851807
5.41364049911499
4.372617721557617
5.607563018798828
7.964252471923828
6.916256904602051
4.343425273895264
7.519723415374756
7.221064567565918
11.293498039245605
6.958177089691162
2.8331754207611084
8.12008285522461
5.77532434463501
8.967416763305664
9.831306457519531
5.108664512634277
6.9706268310546875
9.02926254272461
7.941911697387695
3.3553953170776367
6.081246376037598
8.22758674621582
7.494207382202148
9.398858070373535
0.485669881105423
4.0700602531433105
7.515002727508545
7.629954814910889
7.951839447021484
9.24375057220459
7.8699750900268555
8.889548301696777
4.701221466064453
9.523738861083984
1.5590839385986328
8.813379287719727
7.69303560256958
4.687088966369629
5.918063640594482
11.101293563842773
5.191573143005371
9.719249725341797
8.855101585388184
9.848834037780762
7.502438545227051
6.651348114013672
7.865626811981201
7.1995320320129395
8.626768112182617
4.70997953414917
3.0721092224121094
9.988370895385742
7.0258026123046875
6.00925350189209
6.294269561767578
6.478886127471924
5.087271213531494
9.658675193786621
4.897789001464844
4.795498847961426
0.8637290596961975
5.006486892700195
2.6073544025421143
7.847426891326904
3.8832757472991943
5.264660835266113
11.28955078125
8.853238105773926
7.6234002113342285
3.5698487758636475
10.199337005615234
7.810530185699463
9.91845989227295
6.843054294586182
7.106872081756592
5.685765743255615
6.779452323913574
6.109471321105957
6.835971832275391
9.981199264526367
3.0745015144348145
9.109359741210938
5.788601398468018
8.924942016601562
8.42176342010498
5.421741008758545
6.267726421356201
7.99526309967041
7.714855194091797
5.8271989822387695
2.6660172939300537
6.943506717681885
8.789382934570312
7.265197277069092
6.199609756469727
4.279980659484863
11.416463851928711
9.10330867767334
9.122415542602539
6.749654293060303
9.750259399414062
10.512207984924316
2.5344650745391846
7.93326997756958
6.558932781219482
9.225367546081543
4.48518705368042
6.01190710067749
6.191334247589111
6.018029689788818
9.199339866638184
5.094725131988525
8.82677936553955
8.119932174682617
8.454168319702148
8.047417640686035
10.002240180969238
7.079722881317139
8.141878128051758
6.409679412841797
10.84440803527832
8.165581703186035
5.209799289703369
9.374642372131348
5.282060146331787
5.025368690490723
9.314127922058105
8.336071014404297
6.086995601654053
6.580188751220703
4.173813343048096
9.34898567199707
7.844773292541504
6.610245704650879
3.6012940406799316
6.735229969024658
4.9680256843566895
8.225204467773438
8.271017074584961
10.914087295532227
8.11047077178955
5.452282905578613
9.069258689880371
10.50334644317627
7.107497692108154
10.328121185302734
5.067142963409424
3.410842180252075
9.224721908569336
9.363435745239258
5.89753532409668
9.963543891906738
5.526951789855957
4.586477279663086
8.659802436828613
8.845196723937988
8.6464262008667
5.2650465965271
5.115947246551514
10.010514259338379
8.017626762390137
6.212340354919434
8.33761215209961
5.6232171058654785
4.694472312927246
5.535188674926758
8.753961563110352
8.37261962890625
5.54941987991333
4.933196544647217
5.683535575866699
9.320708274841309
3.990575075149536
4.783016681671143
6.008272647857666
9.959574699401855
9.554580688476562
5.508452415466309
7.407379627227783
3.278588056564331
8.464933395385742
6.306999683380127
5.7220354080200195
4.376365661621094
5.856672286987305
6.598600387573242
9.09000301361084
4.6142048835754395
6.996183395385742
3.483548641204834
7.205032825469971
5.9605183601379395
7.2266764640808105
8.31363296508789
8.255943298339844
6.083504676818848
6.4460554122924805
5.660125255584717
5.953822135925293
4.517736911773682
6.074202060699463
7.788817882537842
6.3715057373046875
9.494275093078613
6.021528244018555
9.719991683959961
6.975987911224365
4.157061576843262
9.546693801879883
5.092769622802734
10.74992561340332
3.9025464057922363
5.162635803222656
6.158487796783447
2.4606847763061523
7.120335578918457
8.360916137695312
9.082199096679688
7.374100208282471
2.290323495864868
9.899935722351074
7.564761161804199
7.493196964263916
7.65081787109375
6.990481853485107
7.229389190673828
6.470683574676514
4.088977336883545
6.006342887878418
0.39819851517677307
4.8961710929870605
2.950028896331787
2.885387659072876
4.648624897003174
5.137063026428223
7.098114013671875
7.691863059997559
6.754866123199463
5.589929103851318
5.212277889251709
4.437183380126953
2.3481290340423584
7.566486358642578
5.58509635925293
11.443421363830566
5.727256774902344
3.9803879261016846
8.582270622253418
4.292433261871338
4.949066638946533
3.8752832412719727
8.94726276397705
3.434154510498047
9.365340232849121
6.383601188659668
2.231415271759033
6.157567501068115
8.120945930480957
4.447610855102539
4.154515266418457
5.188625812530518
4.455593585968018
7.419778823852539
6.152000427246094
10.841340065002441
6.837508201599121
6.191927433013916
5.905145645141602
7.102949619293213
8.104204177856445
6.489696502685547
7.148867130279541
6.789400577545166
6.359952926635742
5.292162895202637
2.3928394317626953
5.181646823883057
8.285874366760254
6.810579299926758
7.3646159172058105
5.63334846496582
-0.5716249942779541
2.860487699508667
8.512855529785156
7.500424385070801
3.963850498199463
8.251435279846191
10.446654319763184
4.117125988006592
5.6799116134643555
2.0779964923858643
3.4006614685058594
1.1999253034591675
9.615777015686035
9.53410530090332
2.1926281452178955
11.60344123840332
6.330837726593018
8.070809364318848
9.284490585327148
5.098006248474121
6.162181854248047
3.8613600730895996
10.970041275024414
8.188860893249512
9.307538986206055
9.2205171585083
7.029331207275391
4.075402736663818
6.906256675720215
6.653522491455078
11.210375785827637
8.061175346374512
8.381429672241211
5.202982425689697
3.644376277923584
4.78957986831665
0.9755212664604187
11.233842849731445
7.46981143951416
7.271661758422852
5.492514610290527
8.721479415893555
4.918413162231445
5.5506205558776855
8.45878791809082
5.593783855438232
6.295600414276123
5.6377854347229
7.691714286804199
6.810914993286133
4.293179035186768
5.6111063957214355
8.52950668334961
5.505447864532471
7.464899063110352
6.735227108001709
6.011721134185791
11.660706520080566
9.988455772399902
1.9695931673049927
8.118965148925781
8.782078742980957
9.090621948242188
10.132230758666992
10.494043350219727
6.607823848724365
8.813307762145996
8.08366870880127
7.228308200836182
