3.7307605743408203
3.6449503898620605
3.521069049835205
3.3834171295166016
4.1273512840271
2.5106050968170166
4.535181522369385
4.43237829208374
5.987744331359863
4.093279838562012
4.157463550567627
5.129062652587891
3.5901942253112793
3.539874792098999
4.7155866622924805
2.7618584632873535
5.350825786590576
2.4121391773223877
2.3344109058380127
4.549881458282471
3.8862712383270264
5.112783432006836
3.236948251724243
2.617657423019409
3.572833776473999
3.513461112976074
4.283860683441162
3.8526391983032227
4.420003890991211
4.128093242645264
3.344752788543701
3.233900547027588
2.8322560787200928
7.292405128479004
3.4209911823272705
3.4975504875183105
3.988849401473999
4.519683361053467
2.5446183681488037
3.6563339233398438
4.648043155670166
3.8628740310668945
4.069168567657471
2.511646270751953
3.6417651176452637
4.039678573608398
3.222574472427368
4.659043312072754
4.2168354988098145
4.335268974304199
3.2779695987701416
3.4319231510162354
4.445741653442383
3.891242027282715
3.759117841720581
2.883150100708008
5.44318151473999
4.021924018859863
3.256805181503296
3.5871622562408447
4.991629123687744
4.073881149291992
5.507307529449463
3.1053895950317383
3.6848795413970947
2.631316900253296
1.1969754695892334
4.942387104034424
3.530350923538208
4.325056076049805
3.419930934906006
2.855599880218506
5.2961320877075195
2.5160114765167236
3.331644296646118
4.048261642456055
3.9092400074005127
1.980678915977478
4.146013259887695
3.901869297027588
3.952486991882324
3.989790439605713
3.5694355964660645
4.018725872039795
3.9018807411193848
2.797297239303589
2.6648828983306885
3.867828130722046
4.881336212158203
5.236232757568359
2.876389265060425
3.7130184173583984
3.332550048828125
3.768186569213867
5.379128932952881
6.430085182189941
4.560755252838135
3.557465076446533
4.706539154052734
4.160141468048096
3.0843780040740967
5.225088119506836
4.028868198394775
3.7808024883270264
4.148525238037109
4.43851900100708
3.9253249168395996
4.321380138397217
3.738276481628418
2.6716792583465576
5.877165794372559
3.878298759460449
3.6777734756469727
4.941686153411865
2.7587358951568604
4.458723068237305
4.010497093200684
4.175409317016602
4.223827838897705
4.158736228942871
3.859290361404419
3.1625187397003174
2.5679614543914795
2.2624948024749756
2.974437713623047
3.2966957092285156
3.47172212600708
4.021561145782471
3.937856912612915
2.6280720233917236
3.6090455055236816
5.387608051300049
4.736651420593262
5.231649875640869
3.6252434253692627
3.355651617050171
5.148531913757324
3.7537379264831543
4.666216850280762
4.5121870040893555
3.733678102493286
2.021043062210083
2.860358238220215
5.593998432159424
5.780686378479004
3.7635629177093506
3.699730396270752
3.1666436195373535
3.950474977493286
3.8175008296966553
4.171687126159668
2.3759818077087402
5.373194217681885
6.498575210571289
3.3561642169952393
3.333601474761963
3.1965060234069824
4.432281017303467
4.489375591278076
3.138570785522461
3.5988407135009766
3.0171403884887695
3.706149101257324
4.390708923339844
5.854818820953369
4.099797248840332
1.5342977046966553
4.335395812988281
3.695908784866333
3.0248360633850098
5.376361846923828
4.733352184295654
2.9775562286376953
4.712098121643066
4.474539279937744
3.2122445106506348
6.269564151763916
4.011665344238281
4.337180137634277
2.482017993927002
3.3652472496032715
3.572291374206543
2.728896141052246
2.852280855178833
2.44889497756958
3.6188104152679443
3.337841033935547
4.246392250061035
3.8564209938049316
3.9405517578125
3.9511401653289795
4.9032063484191895
4.751330852508545
4.594242572784424
2.6926252841949463
3.14624285697937
2.8866915702819824
3.8815462589263916
3.8351974487304688
5.517098903656006
4.053560733795166
4.739895343780518
4.4502434730529785
3.079948902130127
2.3260393142700195
4.170998573303223
3.76098895072937
3.7612147331237793
3.1314752101898193
4.043341159820557
1.805863857269287
3.687708854675293
3.597209930419922
3.9575343132019043
-0.291425496339798
3.552365779876709
3.3795619010925293
1.2550846338272095
3.1403403282165527
4.014063358306885
4.418278217315674
6.107376575469971
2.9546916484832764
3.354825735092163
1.0590503215789795
3.822284460067749
3.449554920196533
4.253536701202393
4.950261116027832
5.891863822937012
1.6988754272460938
2.9322526454925537
5.377479553222656
3.7278330326080322
3.2307162284851074
3.3521480560302734
4.845189571380615
1.8387991189956665
4.2133989334106445
2.6471498012542725
3.961453914642334
3.3795104026794434
3.6908342838287354
3.207137107849121
3.532620429992676
2.8022665977478027
2.8997912406921387
2.31831693649292
3.975759744644165
4.6793365478515625
4.446280002593994
3.9343278408050537
3.3678348064422607
4.601914405822754
2.7197697162628174
3.358055591583252
2.194925308227539
4.312458515167236
3.0859498977661133
5.098749160766602
4.129727363586426
2.079469919204712
4.932633399963379
3.6798343658447266
2.7839412689208984
3.1583096981048584
6.1010589599609375
3.0841755867004395
4.704946517944336
3.616675615310669
5.879709720611572
4.022110939025879
3.634633779525757
3.0750226974487305
3.77752947807312
3.2715647220611572
3.963341236114502
3.7888941764831543
3.6311044692993164
2.108668327331543
2.7705740928649902
2.654435396194458
3.5649774074554443
5.474806785583496
3.3677453994750977
4.306613922119141
3.5346717834472656
3.4893198013305664
4.802507400512695
4.759180545806885
3.4848275184631348
4.379841327667236
3.8155200481414795
2.4033493995666504
4.796299934387207
3.0887138843536377
4.2380690574646
3.3541438579559326
3.0407321453094482
4.494919776916504
3.481400966644287
4.091424465179443
4.282994747161865
3.186319351196289
4.155270576477051
3.3434581756591797
3.5118510723114014
3.1574389934539795
3.93280291557312
4.144904136657715
3.478945016860962
3.1627542972564697
5.577484607696533
4.440935134887695
3.0127830505371094
3.882760524749756
4.462859630584717
3.5255818367004395
4.026976108551025
3.992471694946289
4.264402866363525
4.773247241973877
3.06927490234375
3.362589120864868
4.283945560455322
3.6678967475891113
4.021576404571533
4.457657814025879
7.178244113922119
2.9248297214508057
5.379205226898193
2.4697554111480713
4.159167766571045
3.4048588275909424
2.478869676589966
6.174844741821289
3.823005437850952
3.8339738845825195
5.549737453460693
2.9096672534942627
3.3546547889709473
4.62997579574585
3.1211161613464355
4.3956708908081055
3.2726073265075684
2.5982139110565186
4.977543830871582
3.1634178161621094
4.16935396194458
2.6410765647888184
2.468510866165161
2.3722007274627686
3.031106948852539
4.736464500427246
4.713500499725342
4.226302623748779
1.3566441535949707
2.5311357975006104
4.965305328369141
2.1328840255737305
3.838697910308838
2.9780025482177734
2.2212612628936768
3.795620918273926
3.6921322345733643
3.6613900661468506
4.115463733673096
4.112053394317627
3.3661811351776123
2.879969358444214
4.418169021606445
4.762487888336182
4.24113130569458
4.503782749176025
6.224084854125977
3.5034496784210205
3.9944980144500732
3.0941309928894043
3.515969753265381
5.170193672180176
3.897444009780884
2.728116989135742
3.3073318004608154
3.950981855392456
2.896294593811035
3.30476975440979
6.060442924499512
5.034793853759766
3.289726495742798
3.6660921573638916
2.882969617843628
1.4601932764053345
4.314882755279541
1.6773203611373901
3.7488443851470947
3.6658976078033447
3.985240936279297
4.6106696128845215
3.4813997745513916
3.857661724090576
2.238839864730835
3.9036004543304443
3.604762554168701
3.4835548400878906
3.319662094116211
4.314613342285156
1.9964377880096436
2.461902141571045
3.000678539276123
3.5185654163360596
4.079704761505127
4.265599250793457
3.853241443634033
2.363945722579956
3.3595130443573
3.0657308101654053
4.289466857910156
4.190591335296631
5.140219688415527
2.9693238735198975
4.873140811920166
3.038492202758789
3.2372255325317383
3.0926573276519775
4.324492931365967
3.4380338191986084
3.2520830631256104
3.3596744537353516
3.2989237308502197
4.136230945587158
3.691973924636841
1.2552601099014282
3.2592661380767822
4.240900993347168
5.0296101570129395
2.585780382156372
3.4728496074676514
3.309461832046509
2.7252633571624756
3.8422038555145264
3.8598055839538574
3.004173994064331
2.470170497894287
4.829621315002441
5.042385578155518
3.6946070194244385
3.8258488178253174
4.387709140777588
4.333527088165283
3.923426628112793
3.124985456466675
3.4885528087615967
3.2959773540496826
3.6993839740753174
3.926339626312256
3.933429479598999
4.76778507232666
3.8725223541259766
3.9698503017425537
4.817173004150391
3.7394587993621826
3.9663734436035156
3.4605045318603516
3.751875877380371
3.1857378482818604
3.7837915420532227
3.561447858810425
2.39107346534729
2.9726033210754395
4.057562828063965
4.279671669006348
2.5465924739837646
2.425373077392578
2.2389261722564697
2.158367156982422
5.9142022132873535
3.3299810886383057
3.9519894123077393
3.60015869140625
3.347606658935547
4.183315277099609
3.8534440994262695
4.098036766052246
5.118758201599121
4.57948112487793
2.939913749694824
4.818906307220459
3.749908208847046
4.441695213317871
2.3025200366973877
3.365372896194458
4.582154273986816
4.375776767730713
3.3799562454223633
1.94784677028656
3.969562292098999
2.1659297943115234
5.695625305175781
3.2144737243652344
3.7469170093536377
