2.1679697036743164
3.167773485183716
0.3810375928878784
2.7381956577301025
1.5912772417068481
2.7190279960632324
2.4361612796783447
2.170682668685913
3.3410866260528564
3.235487699508667
3.1280250549316406
3.6547372341156006
2.0215463638305664
2.1962015628814697
5.4453606605529785
2.613177537918091
2.972562789916992
2.53340220451355
1.783685326576233
1.7695735692977905
2.4898452758789062
3.4154529571533203
4.2487664222717285
1.0463217496871948
4.685128688812256
2.2480521202087402
3.4868271350860596
3.1452584266662598
3.1395256519317627
1.115569829940796
0.5994872450828552
3.2692553997039795
0.59347003698349
3.1586954593658447
2.9550364017486572
3.1431400775909424
3.90350341796875
3.418178081512451
3.559537887573242
3.1362380981445312
4.693997383117676
3.0806100368499756
3.5314583778381348
3.2218244075775146
3.0478296279907227
3.157028913497925
2.3849895000457764
1.9353833198547363
3.666928291320801
3.2484865188598633
3.935028553009033
2.401965379714966
3.9708757400512695
2.89668345451355
3.6387085914611816
3.787135601043701
2.4678215980529785
3.7273764610290527
2.549657106399536
3.352173328399658
3.4927775859832764
3.5331690311431885
3.6546571254730225
3.838141679763794
3.6867525577545166
2.592802047729492
3.05254864692688
2.94138240814209
3.693694829940796
3.8261215686798096
2.8676791191101074
3.7119529247283936
3.560499668121338
5.129310607910156
4.403855800628662
7.2235589027404785
1.2850035429000854
2.091625452041626
4.507309913635254
2.959254503250122
5.072728157043457
3.389758825302124
4.748887538909912
4.034091949462891
4.590975761413574
3.403416633605957
3.1096713542938232
4.080454349517822
0.9164955615997314
3.5235185623168945
2.4139668941497803
3.8892457485198975
5.068103790283203
3.8174052238464355
2.836665153503418
3.243715524673462
4.2379865646362305
4.0229811668396
3.867926597595215
2.891982316970825
4.1008453369140625
3.565392017364502
3.896876811981201
0.016010012477636337
4.135111331939697
2.091966390609741
3.1902642250061035
5.6463093757629395
2.4614107608795166
2.900503158569336
3.531440019607544
3.218461513519287
1.882433533668518
5.508638381958008
3.0297038555145264
3.1861140727996826
3.968672275543213
2.5538413524627686
3.7854347229003906
3.9805893898010254
3.3699233531951904
1.3056292533874512
3.3902170658111572
1.5676425695419312
3.583156108856201
3.4971771240234375
2.6173112392425537
2.8595855236053467
3.106116533279419
0.6218712329864502
3.3049533367156982
4.343831539154053
5.407418727874756
6.501616954803467
2.8976831436157227
3.2931034564971924
5.566096305847168
2.4058663845062256
2.4630300998687744
3.257957935333252
5.8597517013549805
2.8835575580596924
3.789743661880493
2.405841112136841
2.6277289390563965
3.1914408206939697
3.0847387313842773
4.630088806152344
2.1651482582092285
5.772980213165283
3.6589341163635254
2.032083034515381
3.522444009780884
2.7953145503997803
3.3847200870513916
2.8615400791168213
3.061753511428833
2.0940520763397217
3.598334312438965
2.6751112937927246
1.4483850002288818
2.8204941749572754
2.923003911972046
2.872907876968384
2.2947728633880615
1.6363369226455688
4.945761203765869
5.623126983642578
4.804969310760498
3.2340259552001953
3.1875054836273193
5.765088081359863
2.5832087993621826
2.7681734561920166
3.4386727809906006
3.3004839420318604
3.276944637298584
3.196338415145874
3.467071294784546
0.814058244228363
3.954756021499634
3.458219051361084
2.865673542022705
5.6840643882751465
2.9276623725891113
3.5791094303131104
3.9044902324676514
1.4905794858932495
3.4151222705841064
4.060523509979248
2.5112292766571045
2.263688087463379
3.2197461128234863
3.3047754764556885
3.7396020889282227
1.8653813600540161
3.4932918548583984
2.3387105464935303
1.1834347248077393
3.496732711791992
1.5869419574737549
0.7869362831115723
2.841904878616333
4.7232136726379395
3.6901233196258545
4.691360950469971
2.67145037651062
3.724477529525757
2.405010938644409
1.8006994724273682
2.0540401935577393
3.350886821746826
3.86008882522583
3.272672653198242
2.8968780040740967
3.202768325805664
2.5867908000946045
1.2698907852172852
3.1086862087249756
2.7519195079803467
1.296454906463623
3.9681451320648193
3.262613296508789
1.43586266040802
3.6636881828308105
0.8928408026695251
2.8953142166137695
3.1600091457366943
2.510021686553955
4.250451564788818
2.474001407623291
2.170468330383301
2.9128830432891846
1.8784680366516113
2.1946663856506348
3.090285301208496
1.9058483839035034
2.889026641845703
3.8127036094665527
3.0184478759765625
4.619789123535156
3.8775570392608643
2.7111799716949463
2.114239454269409
2.7623300552368164
5.103423118591309
3.605970859527588
3.8812179565429688
5.381831169128418
5.27398157119751
2.7659294605255127
3.397209644317627
2.1016743183135986
3.409810781478882
2.1804556846618652
3.7584002017974854
1.9432023763656616
4.430854797363281
3.3719863891601562
2.173609733581543
4.438687324523926
4.022512912750244
2.506194829940796
2.5545122623443604
2.507200241088867
3.597482919692993
2.395780324935913
1.523186206817627
2.3664543628692627
2.032416582107544
2.170593738555908
3.1174323558807373
3.156360387802124
3.9697821140289307
2.8455686569213867
2.195443868637085
3.9290730953216553
4.762150287628174
3.045956611633301
3.484978199005127
3.5414934158325195
2.664712429046631
2.8513102531433105
3.565504312515259
3.398458957672119
1.5706650018692017
2.8628149032592773
2.372657299041748
5.8488874435424805
3.5108065605163574
3.4560062885284424
5.782439708709717
3.695673942565918
3.209904193878174
3.464686870574951
2.0727145671844482
5.491523742675781
5.251643180847168
3.3957905769348145
2.520327568054199
2.881687879562378
2.558145046234131
5.288804531097412
2.6429824829101562
4.170630931854248
2.6529088020324707
2.765760898590088
2.7040319442749023
3.2264437675476074
2.278832197189331
2.7472119331359863
2.8476574420928955
3.768343925476074
2.0406153202056885
3.4243721961975098
1.1724233627319336
3.002755641937256
4.843008518218994
3.658681631088257
5.475683689117432
2.001103162765503
2.1481242179870605
2.43865704536438
1.7898112535476685
1.880753993988037
3.761047124862671
2.426485538482666
2.3862287998199463
3.085258960723877
2.9435436725616455
4.182774543762207
2.6438472270965576
2.419503927230835
3.2292063236236572
3.0907793045043945
1.7696256637573242
3.7544398307800293
2.801913261413574
2.1639082431793213
2.2601218223571777
2.0737874507904053
3.743169069290161
2.332540988922119
2.2271554470062256
3.07886004447937
2.000819206237793
2.579275369644165
1.3368319272994995
6.164205074310303
2.7412426471710205
1.2863504886627197
2.2443134784698486
3.1619832515716553
2.979130983352661
1.7607516050338745
3.9321696758270264
2.581360340118408
1.1072361469268799
5.094680309295654
2.964484214782715
3.5301074981689453
3.235638380050659
4.906335830688477
2.7740304470062256
1.669277310371399
3.6974740028381348
3.56158709526062
2.757431745529175
2.924300193786621
3.049278736114502
2.3660390377044678
3.699740171432495
2.3611128330230713
1.1464056968688965
1.6538583040237427
1.9448069334030151
1.770166039466858
2.7769463062286377
2.386768102645874
4.386480331420898
2.810518980026245
3.208352565765381
3.53094744682312
1.8669087886810303
2.4031965732574463
4.430841445922852
3.8758323192596436
1.8598902225494385
3.9471256732940674
2.4568920135498047
3.222212076187134
1.8524267673492432
2.554058074951172
2.7080774307250977
3.97027587890625
2.4128894805908203
3.137145757675171
2.5752439498901367
3.9775779247283936
4.100350856781006
2.1564297676086426
2.0523080825805664
3.3751001358032227
2.6901509761810303
3.398452043533325
1.2165138721466064
2.481123924255371
4.707480430603027
5.287140369415283
4.207764625549316
3.545599937438965
1.943519115447998
2.6488900184631348
3.1414034366607666
3.117509126663208
3.2864294052124023
4.771550178527832
3.2920167446136475
4.109526634216309
2.0648014545440674
4.671436786651611
3.899960994720459
4.577019691467285
3.6603336334228516
2.5036983489990234
5.079150676727295
3.1409261226654053
2.1866865158081055
1.902077078819275
2.7179341316223145
5.086405277252197
1.1756782531738281
3.6315860748291016
1.714007019996643
0.10074793547391891
2.5603976249694824
1.4152940511703491
3.932128667831421
1.0795258283615112
3.4352312088012695
5.2747297286987305
2.357098340988159
3.0596296787261963
3.3940043449401855
2.673994302749634
2.205314874649048
4.067541599273682
4.365821361541748
1.8096362352371216
2.259472370147705
2.319781541824341
3.2591192722320557
3.7879624366760254
0.43627604842185974
3.1436891555786133
3.3204758167266846
3.923956871032715
4.239078521728516
4.62568473815918
2.2527430057525635
2.263800621032715
2.2713804244995117
3.264091730117798
2.3722169399261475
2.4348762035369873
4.1670684814453125
3.066398859024048
0.9712809324264526
2.8613831996917725
2.378126621246338
3.1851627826690674
3.0281314849853516
2.7073752880096436
2.816721200942993
3.1541244983673096
3.2361323833465576
4.391883850097656
4.213228225708008
3.2676236629486084
2.9599385261535645
3.0475826263427734
2.856534481048584
2.7773282527923584
3.7268075942993164
2.0082967281341553
2.8702292442321777
3.3741915225982666
3.372086763381958
2.9690163135528564
4.13484525680542
4.040818691253662
4.149348258972168
3.3058953285217285
3.567979097366333
2.8459694385528564
4.06251859664917
2.6427621841430664
2.816866397857666
2.642773389816284
3.717844009399414
