8.826820373535156
10.164855003356934
9.211016654968262
8.808379173278809
9.845717430114746
9.295783996582031
8.360689163208008
10.087934494018555
9.60795783996582
9.529229164123535
9.079961776733398
7.799204349517822
9.60518741607666
8.112873077392578
8.041805267333984
9.607229232788086
9.417181015014648
9.667339324951172
10.516883850097656
9.8712158203125
8.146852493286133
7.501609802246094
9.492579460144043
9.842371940612793
7.615908622741699
8.541984558105469
10.584650039672852
8.980424880981445
8.147092819213867
9.093803405761719
9.947361946105957
9.610156059265137
9.424016952514648
10.00643253326416
7.808789253234863
10.703673362731934
7.9996209144592285
9.256904602050781
8.082972526550293
9.577298164367676
9.36923885345459
5.817312240600586
9.192481994628906
10.13796615600586
9.461702346801758
10.039750099182129
8.76699447631836
8.58801555633545
8.112336158752441
10.210443496704102
9.38513469696045
8.669417381286621
9.588638305664062
9.17859935760498
9.233898162841797
8.260668754577637
6.176536560058594
9.917455673217773
8.47812557220459
10.546407699584961
8.84610652923584
8.789807319641113
10.200504302978516
9.028672218322754
7.073410987854004
8.234034538269043
9.66787338256836
6.918745517730713
7.045490264892578
9.388407707214355
9.675748825073242
5.547517776489258
10.154287338256836
7.873648643493652
8.587207794189453
8.838706016540527
9.684757232666016
9.258234024047852
8.852229118347168
5.871654510498047
10.70096492767334
8.872090339660645
9.662558555603027
10.190323829650879
9.203721046447754
9.285374641418457
9.370063781738281
9.560483932495117
9.51218032836914
9.973176956176758
8.35178279876709
8.235711097717285
9.473427772521973
9.820477485656738
9.034526824951172
9.920846939086914
9.357521057128906
8.604646682739258
7.58790397644043
9.37187385559082
9.633710861206055
9.38495922088623
8.589078903198242
10.136001586914062
9.111494064331055
9.199220657348633
9.133132934570312
8.752859115600586
8.463445663452148
8.647518157958984
8.97093391418457
9.185905456542969
9.425628662109375
9.361225128173828
9.251798629760742
10.300406455993652
9.497915267944336
8.658068656921387
10.073123931884766
8.502262115478516
10.009109497070312
7.9620280265808105
9.590741157531738
8.809639930725098
9.930302619934082
9.881653785705566
9.074700355529785
10.161441802978516
10.111974716186523
9.885817527770996
8.397571563720703
8.443646430969238
9.076798439025879
10.67745304107666
8.359906196594238
10.078045845031738
9.740527153015137
9.615614891052246
8.652886390686035
9.182854652404785
8.086784362792969
8.953847885131836
8.966846466064453
7.895212650299072
9.6392822265625
8.83133602142334
8.201834678649902
8.910722732543945
9.544865608215332
8.862926483154297
9.39778995513916
7.362146854400635
8.011698722839355
8.889759063720703
8.335262298583984
8.701459884643555
8.260856628417969
7.973217964172363
7.022819995880127
8.212789535522461
9.693188667297363
5.156763553619385
9.571541786193848
8.748332023620605
9.443891525268555
9.459165573120117
9.276857376098633
10.507072448730469
9.101046562194824
8.983720779418945
7.826269626617432
8.712939262390137
5.844644546508789
9.001758575439453
7.650262832641602
8.365859985351562
10.276058197021484
9.443951606750488
7.461766242980957
8.841038703918457
9.022381782531738
9.580289840698242
7.596946716308594
9.069967269897461
7.729150772094727
9.248350143432617
10.50510025024414
8.94353199005127
9.784494400024414
8.444302558898926
8.988176345825195
8.874271392822266
10.30279541015625
9.388407707214355
10.395309448242188
9.316346168518066
9.322665214538574
9.930071830749512
9.298294067382812
8.062520980834961
8.497335433959961
9.200004577636719
9.089616775512695
9.07983684539795
7.935840129852295
8.284977912902832
8.960529327392578
9.274903297424316
8.599797248840332
9.668509483337402
7.881675720214844
9.05734920501709
9.390931129455566
9.013201713562012
9.349380493164062
8.560656547546387
8.748700141906738
10.193203926086426
9.289112091064453
8.43153190612793
10.24594783782959
9.356619834899902
9.86760425567627
10.110068321228027
9.000438690185547
10.678157806396484
7.965206146240234
6.941547870635986
9.589632034301758
10.060729026794434
8.519452095031738
8.885940551757812
8.60965633392334
9.947651863098145
7.394250869750977
8.072049140930176
9.180119514465332
8.230229377746582
9.975944519042969
8.79688835144043
7.972947597503662
9.052294731140137
7.611170291900635
9.590531349182129
9.266124725341797
9.282561302185059
9.74554443359375
9.690494537353516
8.192121505737305
9.775614738464355
9.112434387207031
8.170027732849121
6.291755676269531
6.842178821563721
10.164676666259766
8.476590156555176
9.04743480682373
8.687965393066406
9.942419052124023
9.965802192687988
8.715364456176758
9.159671783447266
10.25008487701416
8.617852210998535
9.625153541564941
8.549870491027832
8.634788513183594
8.16645622253418
8.616092681884766
7.427027225494385
9.554247856140137
8.129709243774414
7.741339683532715
9.506080627441406
9.069494247436523
10.583011627197266
7.676230430603027
8.87948226928711
9.56690502166748
10.167479515075684
8.335958480834961
9.27060604095459
9.348451614379883
8.952710151672363
9.394275665283203
7.3748674392700195
8.689399719238281
9.697810173034668
7.954046249389648
10.224919319152832
9.323083877563477
3.9356296062469482
8.965025901794434
9.58126163482666
8.86301326751709
9.556600570678711
8.649312973022461
8.628793716430664
8.788826942443848
8.665346145629883
9.865410804748535
8.595996856689453
7.771453857421875
9.250948905944824
8.579693794250488
8.235998153686523
8.832005500793457
8.631000518798828
8.069390296936035
8.170138359069824
7.410486698150635
9.037979125976562
9.5313720703125
7.836112022399902
9.688627243041992
9.149324417114258
8.879034996032715
7.8083930015563965
6.981590270996094
10.036380767822266
8.826475143432617
9.672541618347168
10.232741355895996
8.905364990234375
9.382577896118164
6.3156819343566895
7.415727615356445
8.08633041381836
6.55933141708374
9.573381423950195
9.952159881591797
10.20849323272705
10.005695343017578
9.558087348937988
9.061233520507812
8.97506332397461
9.363317489624023
9.225937843322754
9.985283851623535
8.242155075073242
8.229080200195312
7.394002437591553
9.813647270202637
8.587178230285645
9.612868309020996
9.41252613067627
9.100379943847656
9.69273567199707
7.875449180603027
8.077990531921387
9.365984916687012
8.668581008911133
7.551474571228027
9.407487869262695
8.860057830810547
8.630508422851562
6.895720958709717
10.079203605651855
8.508613586425781
9.885475158691406
6.76878023147583
10.658019065856934
9.636504173278809
9.10692310333252
10.218416213989258
9.061907768249512
10.840789794921875
10.190411567687988
10.169682502746582
8.234667778015137
8.390501976013184
9.197871208190918
9.704042434692383
8.261313438415527
7.763289451599121
8.89791202545166
8.709732055664062
8.574345588684082
8.357043266296387
8.789593696594238
8.866294860839844
8.126559257507324
10.269397735595703
6.285353183746338
8.959010124206543
7.433337688446045
10.539511680603027
8.907020568847656
6.337734222412109
8.928116798400879
9.786604881286621
9.61435604095459
8.91768741607666
10.411333084106445
8.055566787719727
9.01940631866455
9.327975273132324
7.1523261070251465
10.788999557495117
6.396698474884033
8.093605041503906
9.941411018371582
9.722892761230469
7.716414451599121
10.10702896118164
9.59378719329834
10.189096450805664
9.170721054077148
10.502789497375488
8.492000579833984
8.404160499572754
10.246930122375488
9.678494453430176
8.508359909057617
10.401115417480469
9.380025863647461
10.647492408752441
8.146427154541016
9.718585014343262
7.999214172363281
9.032068252563477
10.210677146911621
7.164822578430176
10.260647773742676
7.928216457366943
7.572595596313477
8.78862476348877
9.500041961669922
8.78699016571045
9.819174766540527
8.36414623260498
6.055060386657715
8.873263359069824
8.090441703796387
10.106300354003906
7.062986850738525
9.921660423278809
6.719882011413574
8.640992164611816
8.234634399414062
8.891788482666016
10.540142059326172
9.150710105895996
9.266018867492676
9.03199577331543
9.411028861999512
10.38028335571289
9.172414779663086
8.992870330810547
7.853838920593262
6.895188808441162
7.87965202331543
9.12419319152832
8.947586059570312
7.089209079742432
8.081881523132324
9.652945518493652
9.719321250915527
9.54751205444336
8.882335662841797
9.737308502197266
8.80161190032959
8.251324653625488
10.222807884216309
8.420182228088379
7.376615524291992
8.169864654541016
8.158700942993164
9.457934379577637
9.735486030578613
9.33004379272461
8.574674606323242
7.226930618286133
9.536742210388184
8.659037590026855
10.256590843200684
8.112915992736816
9.223688125610352
11.016927719116211
9.994439125061035
6.780764102935791
9.940507888793945
9.45389461517334
9.433112144470215
7.665975093841553
7.226484775543213
8.859735488891602
9.459324836730957
9.826579093933105
10.07298469543457
9.626225471496582
9.166485786437988
9.240472793579102
9.623597145080566
8.944640159606934
9.922060012817383
9.15970516204834
7.827392578125
10.25941276550293
9.154715538024902
