5.249650001525879
4.226131916046143
5.40777587890625
4.0695109367370605
3.6649646759033203
4.803557872772217
4.273273944854736
4.006722927093506
4.240910530090332
6.871753692626953
3.6901779174804688
4.348969459533691
3.277547597885132
4.6333794593811035
3.7144734859466553
4.512007713317871
2.926893949508667
3.233344078063965
4.436230659484863
3.0575780868530273
5.073764801025391
4.764893531799316
5.732615947723389
3.1676676273345947
4.208673000335693
4.366880893707275
4.320657253265381
2.662830114364624
2.545107364654541
3.3545243740081787
3.4848861694335938
3.67393159866333
4.78378438949585
4.63077449798584
4.509579181671143
5.404365062713623
4.702167987823486
3.9276657104492188
4.024510383605957
4.180122375488281
4.134339332580566
4.271191596984863
3.7288858890533447
4.521368980407715
4.872859477996826
2.266758680343628
4.372462272644043
3.815178394317627
3.942537546157837
3.7355005741119385
4.39168119430542
2.2962021827697754
2.91853404045105
5.173364162445068
3.9929046630859375
4.394524097442627
3.227921485900879
3.9363412857055664
4.974021911621094
3.293260097503662
4.3565545082092285
3.78892183303833
4.280974864959717
2.598057985305786
4.799943923950195
4.963881492614746
4.833878517150879
6.58351993560791
3.5904619693756104
5.350470542907715
5.49261999130249
4.2160139083862305
4.4964599609375
5.478146553039551
3.756251811981201
2.6247291564941406
4.349786281585693
5.3994221687316895
3.375535488128662
4.021525859832764
4.544798851013184
4.2933430671691895
3.463122606277466
4.5719499588012695
5.069887161254883
3.167196035385132
3.574298620223999
3.633090019226074
3.5203378200531006
5.573164939880371
4.093465805053711
2.5402135848999023
3.6785571575164795
4.753960132598877
3.451237440109253
3.737675905227661
4.295529365539551
4.924979209899902
4.9236979484558105
4.9174604415893555
4.150937080383301
4.516967296600342
3.60762095451355
2.7392377853393555
2.4472501277923584
4.496453762054443
3.8381288051605225
3.868931531906128
4.506019592285156
3.432366132736206
4.707508087158203
3.79764986038208
5.913820266723633
2.7002851963043213
4.051807403564453
3.7051539421081543
1.3862788677215576
4.0263166427612305
4.1790056228637695
4.202980041503906
4.145482540130615
3.216219425201416
4.04599142074585
4.134181022644043
4.447753429412842
4.181851863861084
3.146319627761841
4.6113104820251465
4.219834327697754
4.063238143920898
5.23286771774292
4.755244255065918
4.412569046020508
1.5673731565475464
1.9584792852401733
1.93550443649292
4.032247066497803
5.591246128082275
3.2166366577148438
3.1648194789886475
4.0564775466918945
4.681154251098633
4.745266437530518
3.3509981632232666
4.077847003936768
5.894157886505127
2.7431743144989014
3.4585442543029785
4.281286716461182
5.411741733551025
4.600809574127197
4.8234333992004395
5.929431915283203
2.4664416313171387
5.374945640563965
4.254664897918701
3.8068270683288574
3.7298624515533447
3.011796474456787
3.0010387897491455
4.552855014801025
4.975834846496582
3.878546953201294
5.759690761566162
5.0826311111450195
5.299884796142578
4.899075031280518
3.9716200828552246
4.558995246887207
3.001962661743164
4.955233097076416
3.296116352081299
4.086061477661133
4.627071380615234
4.819302082061768
3.6028809547424316
3.592278003692627
3.080968141555786
6.764693260192871
4.913182735443115
4.533911228179932
3.007397174835205
4.73023796081543
2.9885988235473633
4.526577472686768
6.072203159332275
4.788189888000488
4.187119007110596
3.673130750656128
5.026889324188232
5.989996433258057
3.9912068843841553
4.385070323944092
6.036819934844971
4.637869358062744
2.953892469406128
3.65777587890625
3.3953614234924316
4.58558464050293
2.7774529457092285
2.931457996368408
4.978301048278809
4.220872402191162
4.949398517608643
4.825554370880127
4.258419036865234
3.81306529045105
7.2532782554626465
4.951153755187988
3.8029398918151855
4.719457626342773
4.416444778442383
4.027922630310059
4.711241245269775
3.1500635147094727
4.6345014572143555
4.257318019866943
3.8899378776550293
4.617125988006592
3.448026657104492
3.91573166847229
3.2316813468933105
4.224852085113525
5.024325370788574
3.9274439811706543
4.002898216247559
4.207788944244385
5.789921760559082
3.733773708343506
4.473837375640869
4.848692417144775
5.3245038986206055
4.5810041427612305
5.689206600189209
4.576475620269775
4.166029453277588
3.6246323585510254
3.757918357849121
3.2159957885742188
4.425569534301758
5.05695915222168
4.793402671813965
3.827850818634033
5.357686519622803
3.650481939315796
3.131777048110962
1.3604152202606201
4.439270973205566
4.2783684730529785
5.942749977111816
4.558866500854492
2.9270594120025635
4.353060722351074
4.451330661773682
2.7681736946105957
4.672312259674072
3.2102229595184326
6.255553722381592
4.02018404006958
4.192605018615723
3.206571578979492
4.094004154205322
5.1663336753845215
6.591972827911377
2.901928424835205
7.431527614593506
4.2135419845581055
4.000849723815918
3.868375778198242
3.321605920791626
6.764883995056152
3.8735475540161133
2.671891450881958
2.7467920780181885
3.501244068145752
2.939967632293701
5.011048793792725
3.344442129135132
3.3984766006469727
5.3118767738342285
3.7483952045440674
3.8146278858184814
3.2762703895568848
3.4992403984069824
4.261058807373047
4.072774410247803
3.368527412414551
4.999863624572754
3.7812769412994385
4.59891939163208
3.8491899967193604
3.7192587852478027
3.729038953781128
4.279758453369141
2.580458164215088
5.627892971038818
5.305267810821533
3.2849373817443848
3.894287109375
2.5955326557159424
4.019973278045654
1.9775769710540771
2.5611376762390137
2.539127826690674
5.312199592590332
4.105148792266846
4.344964504241943
2.5850565433502197
4.58474063873291
3.9496078491210938
2.0829925537109375
4.814384937286377
4.231819152832031
4.075111389160156
4.298305988311768
3.772780418395996
2.2652711868286133
5.355711936950684
1.8671635389328003
4.7204461097717285
4.606327056884766
4.069254398345947
3.700340747833252
4.722280502319336
2.5725746154785156
4.425565242767334
4.960205078125
1.6322015523910522
5.112732887268066
5.52299690246582
3.4847376346588135
3.503000259399414
5.126638889312744
4.839596271514893
3.1183109283447266
5.399543762207031
5.216249465942383
3.9571681022644043
4.613110542297363
4.753472805023193
3.0470306873321533
4.957637786865234
4.899608612060547
4.582549571990967
4.501980304718018
5.204760551452637
4.224148273468018
4.369039058685303
3.919600486755371
5.789740562438965
3.194554090499878
5.131306171417236
5.122216701507568
4.350417613983154
3.343257427215576
3.0251805782318115
5.455599308013916
4.045302867889404
3.7032008171081543
3.9538660049438477
3.1743688583374023
4.469817161560059
3.625460624694824
4.829850196838379
2.6836323738098145
4.8295416831970215
3.485931873321533
3.7761776447296143
3.3458054065704346
4.349588394165039
5.622459888458252
5.1118669509887695
3.248774766921997
3.9887900352478027
4.444779396057129
3.8518691062927246
4.451939582824707
4.668606281280518
5.218161106109619
5.758493900299072
5.0596923828125
4.013296604156494
4.379737377166748
3.8341777324676514
6.193443298339844
5.076770782470703
3.6097843647003174
4.315747261047363
4.098843574523926
5.0251264572143555
5.304368495941162
3.9871363639831543
4.939609527587891
3.2753489017486572
4.473002910614014
3.7484490871429443
5.025628566741943
3.737238883972168
0.5628514885902405
3.865046977996826
5.551356792449951
5.8812761306762695
3.6168758869171143
4.5999650955200195
3.8229119777679443
4.624477863311768
4.345330715179443
3.386638641357422
3.713101387023926
5.266887664794922
3.051074743270874
5.020224094390869
2.8990654945373535
4.575446128845215
1.8486552238464355
4.779133319854736
4.325935363769531
5.1936540603637695
3.981877565383911
2.785440683364868
5.339786052703857
3.73150634765625
6.4127726554870605
4.204248428344727
3.488039255142212
4.075821399688721
3.456245183944702
5.373392105102539
5.4274115562438965
5.0876145362854
4.062328815460205
5.199789524078369
3.8706727027893066
3.7710695266723633
4.310639381408691
5.493179798126221
4.684136867523193
4.671047687530518
4.742767333984375
4.71281623840332
2.669541597366333
4.553457260131836
3.58469820022583
4.708736896514893
3.0241947174072266
3.8039259910583496
5.6751813888549805
3.8423080444335938
4.027244567871094
2.9795587062835693
4.773072242736816
4.654518127441406
4.1472578048706055
3.265144109725952
5.6123576164245605
4.606774806976318
3.6161975860595703
5.669408798217773
2.438232421875
4.919094562530518
4.343911170959473
4.044559955596924
4.886661529541016
4.877583980560303
4.631892204284668
3.8798203468322754
5.948403358459473
5.438446521759033
4.536359786987305
3.9689316749572754
4.704437732696533
3.9161598682403564
3.820312261581421
4.282186985015869
4.515439510345459
4.491066932678223
5.171412944793701
3.7544076442718506
3.798997402191162
2.802670478820801
4.378259181976318
3.9006474018096924
3.0410380363464355
4.397450923919678
3.706143379211426
3.3928935527801514
5.037313938140869
4.912785530090332
1.3908952474594116
2.8172495365142822
3.3804972171783447
4.729641914367676
5.145249843597412
3.3553123474121094
2.575467109680176
3.804759979248047
3.2330098152160645
4.581214904785156
3.063831090927124
4.051257610321045
