0.5629436373710632
0.9877710938453674
1.9929754734039307
1.811784267425537
0.2643612027168274
0.7380221486091614
-1.7966495752334595
0.7686760425567627
1.3773870468139648
1.256447434425354
0.8866863250732422
2.2647042274475098
0.2051147073507309
1.2175979614257812
1.5283318758010864
-0.26134705543518066
2.708096981048584
-2.3038811683654785
-1.307415246963501
-0.2665538489818573
0.2686801552772522
-0.2021830976009369
0.05451643839478493
-0.23014970123767853
-0.7514241933822632
-0.1793321967124939
2.77268123626709
1.8983736038208008
0.021858440712094307
1.1719878911972046
-1.2264478206634521
-1.4945380687713623
-1.3327988386154175
0.5580312013626099
0.10600420087575912
1.4626495838165283
0.529651403427124
-0.9047678112983704
-0.24784541130065918
2.7792065143585205
0.5113266110420227
2.2909255027770996
-0.5441385507583618
0.29314732551574707
-0.1552143692970276
0.9738783240318298
0.5501973032951355
0.9025757312774658
-0.8998425602912903
-0.1124541237950325
-3.0154035091400146
2.23781418800354
0.9037020802497864
2.8303980827331543
-0.9298893213272095
-0.8907060027122498
0.49341335892677307
1.7448570728302002
-1.93964684009552
-1.346670150756836
2.6923043727874756
2.883066415786743
1.9957261085510254
-0.856533944606781
0.4820842742919922
0.8411698341369629
-1.9995899200439453
2.8449859619140625
4.047603130340576
0.7416291236877441
-0.09452361613512039
2.1141974925994873
-0.7744798064231873
1.1245768070220947
-0.9219049215316772
-1.8562506437301636
-0.646740734577179
-1.1690008640289307
1.6969102621078491
-1.3731069564819336
0.04692618548870087
-0.05576286464929581
2.625530958175659
-0.20188136398792267
1.4899873733520508
-0.6092400550842285
-0.04638024792075157
0.5423898696899414
1.6155709028244019
2.503002882003784
0.9790434241294861
0.6260501742362976
-1.5510154962539673
2.0417795181274414
2.625018358230591
2.650909423828125
0.1962967962026596
-0.5768757462501526
2.841987371444702
-1.8881014585494995
-1.7805293798446655
-0.8628220558166504
0.3489772081375122
1.3675103187561035
2.5167629718780518
2.4309067726135254
0.673233687877655
-0.07857471704483032
1.90265691280365
1.7450345754623413
0.46770209074020386
-0.6633678078651428
2.9365956783294678
-0.6028262972831726
0.41730421781539917
-0.11986689269542694
-0.32095351815223694
1.1066571474075317
0.7783101797103882
0.9179713129997253
-0.5796688199043274
1.8901582956314087
-1.5173325538635254
-0.519852340221405
2.0126709938049316
1.0009287595748901
-0.2585528492927551
-0.3782854676246643
0.5603869557380676
-0.1560160368680954
3.2154972553253174
1.8163224458694458
1.3649829626083374
-1.902601957321167
-0.6026414036750793
0.7204678058624268
-1.3298662900924683
3.3911349773406982
1.5146132707595825
1.252556562423706
1.7631336450576782
-2.4607083797454834
-0.31821373105049133
1.2367497682571411
0.9509530067443848
3.2383272647857666
-0.8237712383270264
1.8040353059768677
0.6537560820579529
-0.7284489274024963
0.24384091794490814
-0.4355749189853668
2.9403321743011475
1.2311012744903564
0.35256674885749817
0.5052672624588013
-2.0337417125701904
0.9176247119903564
0.20797263085842133
0.32639050483703613
3.077641248703003
-1.7990328073501587
0.9762102365493774
0.5515967011451721
0.06306108087301254
3.3361263275146484
-1.85658597946167
-0.08931424468755722
-0.7230016589164734
1.9175630807876587
1.0929375886917114
0.7109090089797974
0.29180288314819336
-0.006858434993773699
0.06007257476449013
0.6988840103149414
0.6403249502182007
-0.17731930315494537
0.504582941532135
-0.7495841979980469
-0.6530968546867371
-1.0918062925338745
0.1725180596113205
-0.12907470762729645
2.372507333755493
-0.5303488373756409
-0.27205392718315125
1.6925630569458008
2.694445848464966
0.2602190375328064
-0.36918914318084717
-0.9486368894577026
1.3990464210510254
0.8143093585968018
-1.21523118019104
0.7752036452293396
-1.628106713294983
0.011818021535873413
-1.371321678161621
3.082105875015259
2.1329023838043213
-0.8303261399269104
2.6417510509490967
-1.0913209915161133
-0.13202734291553497
2.101761817932129
0.05347568541765213
-0.8025420904159546
1.3795684576034546
4.300314426422119
-0.0780733972787857
1.2734695672988892
1.1070420742034912
-0.5392690300941467
-0.6849862337112427
1.7402832508087158
-1.045212984085083
-1.744019865989685
0.7469395399093628
2.4951441287994385
0.1778331696987152
1.5038858652114868
-0.9378264546394348
1.2058980464935303
-0.7491021156311035
2.5385897159576416
0.788969874382019
1.709170937538147
-0.46003758907318115
1.7515051364898682
-1.260910153388977
-1.9102710485458374
2.2351388931274414
-1.9912854433059692
0.8885208368301392
1.1528270244598389
3.2629435062408447
-2.097719669342041
2.131352663040161
1.3541150093078613
1.3306254148483276
1.7261375188827515
-0.6407395601272583
0.4714314937591553
-0.8206239342689514
0.6848698258399963
-2.1577224731445312
-1.6522475481033325
-1.7220803499221802
1.8321242332458496
-1.1591968536376953
-1.4727030992507935
1.54806649684906
0.4009239673614502
-1.2657063007354736
-1.1989134550094604
-1.3838517665863037
2.5200443267822266
0.8313782215118408
0.8237530589103699
-1.683253526687622
1.3741375207901
0.6107374429702759
-0.3936154842376709
-2.000216484069824
-1.2454570531845093
-0.8129098415374756
0.7514468431472778
0.2114766538143158
2.1241707801818848
-0.39003604650497437
0.5371772646903992
0.2907295525074005
-1.4881579875946045
-0.04952540621161461
0.6285233497619629
0.5270275473594666
1.664289116859436
1.9012870788574219
-1.118324637413025
1.0268654823303223
-1.9615308046340942
0.5941221714019775
-0.05370345711708069
1.928185224533081
2.764881134033203
0.5670197606086731
-1.084640383720398
0.2548673748970032
-1.9274113178253174
-0.5264270901679993
2.3149077892303467
-0.8348142504692078
0.03309977799654007
2.5126094818115234
-0.6037229299545288
1.0912123918533325
1.1001396179199219
-0.663478434085846
-0.053621165454387665
0.3473556935787201
0.26128044724464417
0.9786566495895386
1.4750162363052368
-0.604976236820221
-0.472756564617157
-1.0586529970169067
0.703222393989563
0.20032168924808502
-0.3639810085296631
-0.6627718210220337
-1.224186897277832
1.0613082647323608
0.46277761459350586
1.4660234451293945
0.9503594040870667
-0.9543066620826721
-0.1504461020231247
1.0823513269424438
0.3962200880050659
0.523949384689331
-0.8578962683677673
2.9021143913269043
-2.5405588150024414
2.670565366744995
2.1972053050994873
-1.169474482536316
1.982161283493042
1.3890066146850586
-0.7709929347038269
0.4770227074623108
-1.6828429698944092
2.5956404209136963
-0.19705840945243835
-0.29512137174606323
1.5602940320968628
0.47639694809913635
-0.15762703120708466
2.4065213203430176
-0.6490983963012695
-1.2699286937713623
2.1753618717193604
-0.44077032804489136
0.029383406043052673
1.108164668083191
2.120990753173828
3.1566576957702637
0.7660579681396484
0.6832161545753479
0.03990573808550835
-0.0022496923338621855
-2.183467149734497
0.03989341855049133
0.6145995259284973
-0.39781492948532104
0.04758921265602112
-1.766409158706665
1.5226938724517822
1.1627044677734375
0.0868825912475586
-1.0789320468902588
1.9225186109542847
-0.9542258977890015
1.5771666765213013
2.581481456756592
-0.871668815612793
0.5329445600509644
-0.7993514537811279
1.0685006380081177
1.7656159400939941
1.1253834962844849
2.9966235160827637
-0.7953993678092957
0.1400672197341919
0.8843132853507996
-0.33448347449302673
0.5604059100151062
1.5990697145462036
1.018548846244812
0.922502875328064
0.6888895034790039
1.4091081619262695
2.042433023452759
4.732470512390137
-0.2066071629524231
0.15926267206668854
2.410043239593506
2.027815818786621
0.7410258650779724
0.8677858710289001
0.45058655738830566
0.4401434361934662
1.359440803527832
-0.7901527285575867
-2.6626083850860596
0.22553607821464539
1.46101975440979
0.6540947556495667
1.3614397048950195
4.631080150604248
-0.0063837370835244656
-0.381104975938797
2.285031318664551
0.2018674910068512
0.4291642904281616
-0.34883034229278564
-0.0425570011138916
-1.9922380447387695
1.639419674873352
1.4677163362503052
1.4840912818908691
1.142707109451294
-0.023769287392497063
-1.049399495124817
-1.8218518495559692
-0.1282498687505722
0.901177167892456
1.9149736166000366
-0.34617894887924194
0.04467843100428581
2.956861734390259
-1.9236385822296143
0.5593073964118958
-0.6491057872772217
2.1463675498962402
0.987606942653656
0.6733255386352539
-0.7161140441894531
0.3216852843761444
-1.9391297101974487
-0.6470006704330444
0.4299851953983307
1.0302789211273193
0.7037973403930664
1.9112250804901123
0.49167996644973755
1.2569897174835205
-0.5667970776557922
1.681752324104309
0.2897832691669464
2.4113075733184814
-0.809842586517334
0.31374168395996094
0.1384519785642624
2.22432279586792
1.4727659225463867
-0.3642555773258209
1.1105403900146484
1.6785087585449219
-0.9591329097747803
0.7221812009811401
1.9538853168487549
0.3773038387298584
-1.2437666654586792
-0.10679610073566437
0.008163840509951115
0.8441609740257263
-0.3935728073120117
-1.0967578887939453
1.6717617511749268
-1.2863311767578125
0.6943386793136597
-1.3105908632278442
-1.5000793933868408
-0.30520153045654297
0.9384644031524658
0.24149419367313385
-0.17208980023860931
0.09041912108659744
-0.585906445980072
0.27580440044403076
1.571258783340454
-1.5148061513900757
-0.8142585158348083
-0.10111400485038757
0.03208458796143532
0.2420874834060669
2.1020822525024414
1.4215407371520996
-0.8979883193969727
1.1599440574645996
1.2766878604888916
3.2085983753204346
0.7344154715538025
2.5278055667877197
0.2441142052412033
1.6761583089828491
2.035151958465576
1.3017526865005493
-0.9370940327644348
2.2277355194091797
-0.13125422596931458
4.464653015136719
-1.4338724613189697
-1.4686130285263062
-1.3211623430252075
-0.9676588177680969
0.18122611939907074
1.609366536140442
-0.8825382590293884
