3.6937477588653564
3.4479868412017822
3.464426040649414
3.521883964538574
4.0530805587768555
2.418367862701416
4.75034761428833
3.930610418319702
5.987332344055176
3.7148454189300537
4.1965227127075195
5.079653263092041
3.6072802543640137
3.6780481338500977
4.531518459320068
2.90085506439209
5.277981281280518
2.103348731994629
2.704162120819092
4.528541564941406
3.868587017059326
4.9125871658325195
3.0267624855041504
2.8099963665008545
3.078589677810669
3.4578609466552734
4.302915096282959
3.768409013748169
3.9868364334106445
4.378076076507568
3.732147693634033
3.3582842350006104
2.995638847351074
6.829000949859619
3.0118494033813477
3.8389530181884766
3.7045493125915527
4.782375812530518
2.586073160171509
3.730070114135742
4.689300060272217
3.8601698875427246
4.213081359863281
3.034869432449341
3.320434331893921
4.037676811218262
3.1784965991973877
4.591023921966553
4.075841426849365
4.316496849060059
3.9067952632904053
3.7204582691192627
4.35352087020874
3.8920135498046875
3.6913270950317383
2.950342893600464
5.191003799438477
4.052048206329346
3.312272787094116
3.4201319217681885
4.730188369750977
4.148566246032715
5.67771577835083
2.773711919784546
3.6793181896209717
2.782135486602783
1.241866111755371
4.980821132659912
3.2173876762390137
4.424890041351318
3.5661776065826416
2.820490837097168
5.374427795410156
2.5138447284698486
3.270615816116333
3.9409375190734863
3.8392181396484375
2.1166656017303467
4.272995471954346
3.9692790508270264
3.813004732131958
3.950446367263794
3.5090248584747314
3.876188278198242
3.6938159465789795
3.103374481201172
2.6878106594085693
3.815199851989746
4.743088722229004
5.117304801940918
2.86752986907959
3.5871200561523438
3.228170871734619
4.029098033905029
5.308757305145264
6.655963897705078
4.239993095397949
3.588593006134033
4.390234470367432
4.324856281280518
3.4992408752441406
5.214733123779297
4.120238780975342
3.642430067062378
3.8043673038482666
4.806979179382324
3.8687639236450195
4.343838691711426
3.8914828300476074
2.6510348320007324
5.857068061828613
3.776435136795044
3.441343307495117
4.974208354949951
2.6817972660064697
4.636541366577148
4.0679931640625
3.9502320289611816
4.155960559844971
4.258763313293457
3.6605846881866455
3.0032618045806885
2.4467196464538574
2.5430166721343994
3.158897876739502
3.438100576400757
3.09757137298584
3.932032585144043
3.9258859157562256
2.5148062705993652
3.85007905960083
4.885394096374512
4.984572887420654
5.289058685302734
3.656691074371338
3.2717602252960205
4.882361888885498
3.378749370574951
4.646378517150879
4.576650619506836
3.780673027038574
2.1173486709594727
2.891310214996338
5.368569850921631
5.451067924499512
3.9258697032928467
3.638669490814209
3.414778232574463
3.951446294784546
3.85090708732605
4.336228847503662
2.3798534870147705
5.352885723114014
6.129720687866211
2.937974214553833
3.0800764560699463
2.884443521499634
4.348103046417236
4.1168951988220215
3.395101308822632
3.7512834072113037
3.082904100418091
3.749936580657959
4.0958051681518555
5.547454357147217
4.116767883300781
1.5806134939193726
4.265950679779053
3.7454636096954346
3.068962574005127
5.13429069519043
4.64291524887085
2.9073081016540527
4.67657470703125
4.34157133102417
3.393040180206299
6.056971549987793
4.248886585235596
4.1743364334106445
2.725444793701172
3.3466126918792725
3.490755319595337
2.6783792972564697
2.7659549713134766
2.418320417404175
3.7570605278015137
3.5276241302490234
4.2275309562683105
3.7651782035827637
3.805121421813965
3.787898063659668
4.938354015350342
4.511831283569336
4.369751930236816
2.3690783977508545
3.142829179763794
2.806640386581421
4.22259521484375
3.980013847351074
5.28481388092041
4.470431327819824
4.525089740753174
4.373082160949707
3.111132860183716
2.422617197036743
4.10468864440918
3.554882049560547
3.918679714202881
3.3258330821990967
3.920171022415161
2.017035961151123
3.5238025188446045
3.4312822818756104
4.358412265777588
-0.5025140643119812
3.412245273590088
3.003000259399414
1.856107234954834
3.2665188312530518
3.939084529876709
4.083858966827393
6.137185573577881
3.3316538333892822
3.7504069805145264
1.0106287002563477
3.806504487991333
3.290142059326172
4.169997692108154
4.905489921569824
5.371438026428223
1.8070666790008545
3.291156768798828
5.438476085662842
3.68888521194458
3.122982978820801
3.701584577560425
4.637477397918701
2.1774837970733643
4.135904312133789
2.7087509632110596
4.136279582977295
3.3094582557678223
3.504830837249756
3.525968551635742
3.538969039916992
2.6649622917175293
2.4261083602905273
2.4319136142730713
4.023910999298096
4.696619033813477
3.993821382522583
3.75958251953125
3.531830310821533
4.565613746643066
2.6771459579467773
3.2242074012756348
2.013449192047119
4.245460510253906
3.103417158126831
4.963309288024902
4.06862735748291
2.050678253173828
5.031564235687256
3.7089555263519287
3.1541621685028076
3.511401414871216
6.021006107330322
3.22853684425354
4.672356128692627
3.7997825145721436
5.722476482391357
4.189964294433594
3.467017412185669
3.167271375656128
3.5485711097717285
3.3441507816314697
4.00654411315918
4.050415992736816
3.778013229370117
2.2879068851470947
2.753720283508301
3.2420949935913086
3.466578483581543
5.518701076507568
3.9730477333068848
4.319855213165283
3.540356159210205
3.642583131790161
4.792474746704102
4.649436950683594
3.2919187545776367
4.178741931915283
4.161424160003662
2.621342420578003
4.4640631675720215
3.0622525215148926
4.6248674392700195
3.3183958530426025
3.017601490020752
4.488152027130127
3.3473660945892334
3.7990365028381348
4.275599479675293
3.342622995376587
4.109050273895264
3.185190439224243
3.6664347648620605
3.4181535243988037
3.7337403297424316
3.9886109828948975
3.6038315296173096
2.9712631702423096
5.528983116149902
4.5983686447143555
2.9948933124542236
3.5567586421966553
4.359118938446045
3.6234986782073975
3.9665398597717285
3.670269012451172
4.275041580200195
5.196434020996094
2.698939561843872
3.269679546356201
4.541481018066406
3.480499029159546
4.106879234313965
4.516482830047607
6.9042792320251465
2.743192434310913
5.790856838226318
2.317047119140625
4.1198344230651855
3.213012218475342
2.869525194168091
5.61409854888916
3.686368465423584
3.8630869388580322
5.440288066864014
2.644540548324585
3.3176193237304688
4.515296936035156
3.6442840099334717
4.122698783874512
3.1714975833892822
2.4087979793548584
4.886749744415283
3.020026445388794
4.307773590087891
2.6408638954162598
2.695936441421509
2.657912254333496
3.1913843154907227
4.633362770080566
5.2740631103515625
4.2396559715271
1.2847850322723389
2.534687042236328
4.578562259674072
2.4788622856140137
3.6615726947784424
2.87131929397583
2.1116089820861816
4.024972438812256
3.6927173137664795
3.700960397720337
4.465605735778809
4.237004280090332
3.2175493240356445
2.969886302947998
4.238002300262451
4.484958648681641
4.01170015335083
4.439499855041504
6.525155544281006
3.6516342163085938
3.9753639698028564
2.9311940670013428
3.5014123916625977
5.185742378234863
4.128613471984863
2.8816263675689697
3.341308116912842
3.640287399291992
2.6741724014282227
3.1940152645111084
6.11503267288208
4.994792461395264
3.3615291118621826
3.7389609813690186
2.878290891647339
1.3722678422927856
4.133161544799805
1.8402079343795776
3.844933032989502
3.528045415878296
4.012345314025879
4.494645595550537
3.552025556564331
3.6080901622772217
2.290942430496216
3.9518327713012695
3.626976728439331
3.081430435180664
2.929175615310669
4.255010604858398
1.9171671867370605
2.6440646648406982
3.0724639892578125
3.6170451641082764
4.197801113128662
4.248406410217285
3.842221736907959
2.183424472808838
3.493687868118286
3.267286539077759
4.096435070037842
4.258020401000977
4.662539005279541
3.049618721008301
4.507781505584717
3.3857967853546143
3.4093613624572754
3.360504150390625
4.4112348556518555
3.4114365577697754
3.5981881618499756
2.880915641784668
3.580170154571533
4.155057430267334
3.589627265930176
0.8595811128616333
3.178346872329712
3.8935725688934326
4.769676685333252
2.4710192680358887
3.4667627811431885
3.2427773475646973
2.8851420879364014
3.72231125831604
3.91253924369812
2.917738914489746
2.0948264598846436
5.2763471603393555
4.673398494720459
3.7470412254333496
3.7536613941192627
4.214712619781494
4.545844078063965
3.977780818939209
3.199023485183716
3.433847665786743
3.272481918334961
3.778881549835205
3.8862013816833496
3.6862220764160156
4.471638202667236
3.8456919193267822
3.555321216583252
4.753000736236572
3.9524927139282227
3.9900569915771484
3.811347723007202
3.8990118503570557
3.421637773513794
4.153280735015869
3.7570395469665527
2.5077128410339355
3.172393798828125
4.327194690704346
4.010000228881836
2.526038646697998
2.7293875217437744
2.0156917572021484
2.5150957107543945
5.916697978973389
3.1936581134796143
3.9048171043395996
3.807955503463745
3.346024513244629
4.044416427612305
3.7268197536468506
4.046735763549805
5.22834587097168
4.3252458572387695
3.111093044281006
4.722813129425049
3.841468095779419
4.265848159790039
2.377081871032715
3.4456136226654053
4.384856224060059
3.9121177196502686
3.389793872833252
1.8485559225082397
3.8543214797973633
2.359351396560669
5.796175956726074
3.2292802333831787
3.753756523132324
