3.8673348426818848
3.4244158267974854
3.555403709411621
3.174046754837036
4.041411876678467
2.580922842025757
4.474831581115723
4.341508865356445
5.904005527496338
4.129188060760498
4.115861892700195
5.175158977508545
3.6798746585845947
3.529188632965088
4.539556503295898
2.756702423095703
5.378298759460449
2.332941770553589
2.4364941120147705
4.629466533660889
3.9150278568267822
5.202606678009033
3.1752429008483887
2.7396626472473145
3.4524104595184326
3.509432077407837
4.408850193023682
3.8776745796203613
4.271208763122559
4.142790794372559
3.426219940185547
3.1570701599121094
3.0406060218811035
7.380085468292236
3.5426595211029053
3.6414966583251953
3.932583808898926
4.5879058837890625
2.367810010910034
3.8328731060028076
4.688817024230957
4.046274185180664
4.3223419189453125
2.378856658935547
3.653308153152466
3.95917010307312
3.195878267288208
4.56663179397583
4.0561418533325195
4.459366798400879
3.378401041030884
3.539764165878296
4.379900932312012
3.9983270168304443
3.6929168701171875
2.719862937927246
5.626819610595703
3.8896262645721436
3.352532386779785
3.5990805625915527
4.834652900695801
4.1917853355407715
5.631290912628174
3.152559995651245
3.6547746658325195
2.7137813568115234
1.1079418659210205
4.961322784423828
3.5690503120422363
4.393187999725342
3.5668017864227295
2.7829251289367676
5.275249481201172
2.640522003173828
3.487727165222168
3.7960801124572754
3.908801794052124
2.229095220565796
4.198738098144531
3.8658225536346436
3.9391443729400635
3.982156753540039
3.5110321044921875
3.8801827430725098
3.7471814155578613
2.7136032581329346
2.7454679012298584
3.9152486324310303
4.82863712310791
5.239675045013428
2.878009796142578
3.7461726665496826
3.326505422592163
3.8466973304748535
5.249335289001465
6.56746768951416
4.558224201202393
3.598890542984009
4.714661121368408
4.125545978546143
3.153583288192749
5.403141498565674
4.158400535583496
3.672170400619507
3.9737980365753174
4.45747709274292
3.834193229675293
4.103405952453613
3.6642355918884277
2.5645761489868164
6.122554779052734
3.8428239822387695
3.6721582412719727
5.01764440536499
2.836341142654419
4.522306442260742
4.044563293457031
4.195418357849121
4.206629276275635
4.326584339141846
3.637824296951294
3.258267402648926
2.6423847675323486
2.0466670989990234
3.1879167556762695
3.3259379863739014
3.2936806678771973
4.119116306304932
3.8723251819610596
2.6291284561157227
3.6694226264953613
5.381592273712158
4.849876403808594
5.45404577255249
3.830920934677124
3.2311038970947266
5.294410705566406
3.737043619155884
4.700928688049316
4.65975284576416
4.065176486968994
1.780972957611084
2.781486749649048
5.745824337005615
5.631071090698242
3.887949228286743
3.747598648071289
3.1903955936431885
3.8349108695983887
3.811582088470459
4.223934650421143
2.3387231826782227
5.6559224128723145
6.686773300170898
3.4089362621307373
3.299652576446533
3.2466752529144287
4.448237419128418
4.304672718048096
3.2420973777770996
3.590111494064331
3.1758573055267334
3.63621187210083
4.443642616271973
5.672074317932129
4.161861896514893
1.6328290700912476
4.445289134979248
3.5679612159729004
2.964090585708618
5.4792985916137695
4.7712202072143555
2.964765787124634
4.597303867340088
4.367835998535156
3.3030648231506348
6.3981404304504395
4.0429582595825195
4.119184494018555
2.315595865249634
3.196981191635132
3.55973482131958
2.715217351913452
2.9449970722198486
2.3527398109436035
3.7045297622680664
3.4156055450439453
4.186767578125
3.8830692768096924
3.826543092727661
4.143860816955566
4.853753089904785
4.720303058624268
4.514243125915527
2.6880416870117188
3.20371150970459
2.690077781677246
4.002476692199707
3.859848737716675
5.458042144775391
4.101940631866455
4.784224987030029
4.379565715789795
2.9936678409576416
2.41239070892334
4.194642543792725
3.641716480255127
3.76466965675354
3.250293493270874
4.075616836547852
1.8453935384750366
3.9230852127075195
3.4861032962799072
4.233129024505615
-0.4407564401626587
3.2903459072113037
3.441105604171753
1.399417757987976
3.2748429775238037
3.9093010425567627
4.392357349395752
6.285449981689453
3.1052863597869873
3.4546284675598145
1.121963381767273
3.907365083694458
3.3312528133392334
4.281263828277588
4.7428693771362305
5.991008758544922
1.6993443965911865
2.86950945854187
5.302868366241455
3.649203300476074
3.2613022327423096
3.3836846351623535
4.979702472686768
1.9245593547821045
4.237198829650879
2.5277645587921143
3.889516592025757
3.416173219680786
3.7760117053985596
3.287452220916748
3.758115768432617
2.7802958488464355
2.7464025020599365
2.416231632232666
4.0365471839904785
4.615595817565918
4.5210747718811035
3.9816408157348633
3.109330415725708
4.575928688049316
2.744049549102783
3.384495973587036
2.080700159072876
4.349617004394531
3.0648608207702637
5.138920307159424
3.8906116485595703
2.0754663944244385
4.95623254776001
3.937931776046753
2.9518747329711914
3.150517463684082
5.87930154800415
3.2536869049072266
4.621262550354004
3.755208730697632
6.042312145233154
4.010138511657715
3.6867611408233643
2.9987969398498535
3.6449708938598633
3.3481523990631104
3.9317195415496826
3.8813602924346924
4.026198387145996
2.293243408203125
2.655038833618164
2.9564311504364014
3.633829116821289
5.445595741271973
3.448390007019043
4.412118434906006
3.5357699394226074
3.56659197807312
4.858591556549072
4.843210220336914
3.4438462257385254
4.262041091918945
3.9368896484375
2.3257691860198975
4.832431793212891
3.0031118392944336
4.289074420928955
3.243722915649414
3.318788766860962
4.493162155151367
3.485319137573242
4.143801212310791
4.235284328460693
3.2576706409454346
4.196873188018799
3.2948968410491943
3.606414556503296
3.1496622562408447
3.8448386192321777
4.174807071685791
3.498602867126465
3.101229667663574
6.103163719177246
4.419349670410156
2.903989315032959
3.871419668197632
4.599891185760498
3.6375863552093506
4.038855075836182
3.98728609085083
4.380998611450195
4.82941198348999
3.032338857650757
3.3471858501434326
4.408458709716797
3.6915316581726074
4.357215881347656
4.500288009643555
7.480302333831787
2.9619557857513428
5.742766857147217
2.5356063842773438
4.160855293273926
3.3407764434814453
2.6748604774475098
6.323296070098877
3.7844109535217285
3.9009788036346436
5.477022647857666
2.754671335220337
3.3057901859283447
4.545890808105469
3.354322671890259
4.442482948303223
3.4103169441223145
2.661278247833252
5.0042724609375
3.2352943420410156
4.208370685577393
2.6476855278015137
2.5065910816192627
2.342839479446411
3.076453924179077
4.962080955505371
4.678867816925049
4.213905334472656
1.44948410987854
2.518599033355713
4.832730770111084
2.173074960708618
3.7537715435028076
3.0383646488189697
2.105503797531128
3.8263461589813232
3.5689995288848877
3.6327011585235596
4.289394855499268
4.224071025848389
3.2364094257354736
2.9429025650024414
4.4254326820373535
4.612760066986084
4.206091403961182
4.689215660095215
6.615283966064453
3.5716781616210938
3.9881503582000732
3.0661492347717285
3.470076084136963
5.142055988311768
4.0219831466674805
2.8337419033050537
3.2123701572418213
3.911471366882324
2.8541109561920166
3.2363240718841553
5.917727470397949
4.8879194259643555
3.250335693359375
3.7165987491607666
2.966339588165283
1.4735980033874512
4.275847911834717
1.7459640502929688
3.802258014678955
3.5995452404022217
3.907059907913208
4.658095836639404
3.4416468143463135
3.825730562210083
2.375328302383423
3.9893710613250732
3.426553726196289
3.391263246536255
3.323734998703003
4.4679975509643555
2.053070068359375
2.678536891937256
3.0376908779144287
3.4688518047332764
3.9647364616394043
4.3088178634643555
3.824242115020752
2.229719400405884
3.255781412124634
2.9394772052764893
4.216782093048096
4.175913333892822
5.077172756195068
3.0250093936920166
4.71281623840332
3.106245994567871
3.168081045150757
3.065674304962158
4.281059741973877
3.439397096633911
3.2836997509002686
3.3343019485473633
3.514845132827759
4.126377105712891
3.7138729095458984
0.7947259545326233
3.1195662021636963
4.103377342224121
4.948982238769531
2.5449230670928955
3.564563512802124
3.2369112968444824
2.8604519367218018
3.7791378498077393
3.761610269546509
3.0205445289611816
2.282443046569824
5.150941371917725
5.015742301940918
3.718118667602539
3.7537219524383545
4.535980701446533
4.615091323852539
3.950249195098877
3.190262794494629
3.494586706161499
3.2181034088134766
3.6925618648529053
3.924408435821533
3.8152060508728027
4.711625099182129
3.7738094329833984
3.859079599380493
4.736538410186768
3.723435163497925
4.059460163116455
3.701678991317749
3.9046192169189453
3.2974796295166016
3.8020243644714355
3.6983578205108643
2.3641507625579834
3.0444934368133545
4.0461745262146
4.312577247619629
2.5930027961730957
2.4207980632781982
2.208064317703247
2.1785216331481934
5.8840131759643555
3.32297945022583
4.062716484069824
3.768707752227783
3.546020269393921
4.172624588012695
3.8299310207366943
4.128134727478027
5.2264404296875
4.61557674407959
3.069220781326294
4.811534881591797
3.659513473510742
4.502351760864258
2.164017677307129
3.410984992980957
4.478292942047119
4.379944801330566
3.257826089859009
2.012300729751587
3.999565601348877
2.0537328720092773
5.590417385101318
3.2546141147613525
3.670555830001831
