3.8662607669830322
3.5963134765625
3.2883799076080322
2.4330391883850098
3.966567039489746
2.3254997730255127
3.5937581062316895
5.126432418823242
5.33948278427124
4.099410057067871
3.7657816410064697
4.6589765548706055
3.749305486679077
2.9853508472442627
3.9397315979003906
2.5080275535583496
5.681503772735596
2.7427330017089844
2.4889767169952393
4.49124813079834
3.8393075466156006
5.262295722961426
3.354030132293701
2.153426170349121
3.4832346439361572
3.4177491664886475
4.0455403327941895
4.229763507843018
4.171799182891846
3.7170960903167725
2.6876120567321777
2.7989490032196045
2.639700412750244
7.3464436531066895
4.595250129699707
3.200302839279175
4.465356349945068
3.282284736633301
1.9670084714889526
4.112626552581787
4.474752902984619
4.132810115814209
4.234755039215088
1.2496787309646606
3.879563093185425
3.7838876247406006
3.0481481552124023
4.011498928070068
4.07204532623291
4.022994041442871
2.9988291263580322
3.0494742393493652
4.114397048950195
3.851836919784546
3.168945074081421
2.242659330368042
6.341904163360596
3.3485300540924072
2.9091362953186035
4.032058238983154
4.5058488845825195
4.381392478942871
5.189979553222656
3.944812059402466
3.7492733001708984
2.2463769912719727
0.8796599507331848
4.52744197845459
4.022375583648682
4.369287967681885
3.139202117919922
2.582967758178711
4.8793439865112305
2.5946452617645264
3.7488014698028564
3.380453109741211
3.902143716812134
1.7888497114181519
3.6438868045806885
3.481088638305664
4.006179332733154
3.8355135917663574
3.1285388469696045
3.8945915699005127
3.6867387294769287
2.016538381576538
3.1027867794036865
3.741633415222168
4.489212512969971
5.465140342712402
2.713977813720703
3.735053062438965
3.434516191482544
3.055579423904419
5.28884220123291
5.4573564529418945
5.165040969848633
3.0821986198425293
4.208821773529053
3.5762078762054443
2.793104648590088
5.405523300170898
4.203968048095703
3.5169951915740967
3.7791500091552734
3.3832268714904785
3.988809108734131
3.433378219604492
3.149099349975586
2.4161276817321777
6.262078285217285
3.821563720703125
3.9709229469299316
4.277789115905762
2.7064685821533203
3.7680892944335938
4.221488952636719
4.442049980163574
4.193691730499268
4.348026752471924
3.9385499954223633
3.718665361404419
2.8039941787719727
1.306923747062683
2.8989310264587402
2.964698314666748
3.6146891117095947
4.206900119781494
3.476668357849121
2.8765034675598145
3.4201550483703613
5.462815284729004
4.598537921905518
5.222495079040527
4.031884670257568
3.41563081741333
5.225618362426758
4.2479729652404785
4.428140640258789
4.360700607299805
4.128076076507568
1.6586214303970337
2.5450034141540527
5.970685005187988
6.107083797454834
3.59950852394104
4.022246360778809
2.8416643142700195
3.543156862258911
3.573148727416992
3.6537089347839355
2.153247833251953
5.772476673126221
6.862252712249756
4.235534191131592
3.524693250656128
3.315640449523926
3.8296408653259277
4.564157962799072
1.9336241483688354
3.4966073036193848
3.2927677631378174
3.3419971466064453
4.431272029876709
5.214831829071045
4.475372314453125
1.3874770402908325
4.610312461853027
3.234506130218506
2.7466609477996826
5.4387617111206055
4.6550397872924805
2.9444448947906494
3.8920481204986572
4.588344097137451
3.135063409805298
6.541018009185791
3.8721554279327393
3.905644178390503
1.6845102310180664
3.1118147373199463
3.2821927070617676
3.071239948272705
2.9272549152374268
2.246391773223877
3.5028069019317627
3.1249232292175293
4.052425861358643
3.7995264530181885
3.830756425857544
4.3741912841796875
4.494053840637207
5.4582438468933105
4.137005805969238
3.1088311672210693
3.014997720718384
2.356903553009033
3.3157081604003906
3.279048442840576
5.551284313201904
2.8868114948272705
4.334202766418457
4.452884197235107
2.614741086959839
2.0096752643585205
4.163656711578369
3.992702007293701
3.3387250900268555
2.5809988975524902
4.530397891998291
1.9906421899795532
4.161739826202393
3.6341562271118164
3.6489131450653076
-0.1910082995891571
3.418544292449951
4.012480735778809
0.747330367565155
2.9793331623077393
3.6073365211486816
4.725454330444336
4.9229230880737305
2.5245602130889893
2.646942615509033
1.2742091417312622
3.8657779693603516
3.167611598968506
4.159348964691162
3.6531405448913574
6.339007377624512
1.2800111770629883
2.104595899581909
5.0671844482421875
3.6539599895477295
3.747220039367676
2.6834769248962402
5.112255096435547
1.5929677486419678
4.142592906951904
2.5625898838043213
3.3275721073150635
3.5098178386688232
3.7529354095458984
1.8809577226638794
3.44350266456604
3.1992318630218506
3.304081678390503
2.3106513023376465
3.633331060409546
4.177917003631592
4.864904403686523
3.8946664333343506
2.5123136043548584
4.289761066436768
2.679095983505249
3.0089316368103027
2.3226091861724854
4.156785488128662
2.9516897201538086
4.818150520324707
3.4652791023254395
2.1657886505126953
4.4171462059021
3.7523317337036133
2.5538723468780518
2.6399524211883545
5.240655422210693
3.3403499126434326
4.723767280578613
3.571239471435547
5.962594509124756
3.918048620223999
4.247624397277832
2.4976706504821777
3.5375213623046875
3.191718101501465
3.4543490409851074
3.3271234035491943
4.338482856750488
2.1719727516174316
2.469613552093506
2.2298901081085205
3.7772204875946045
4.821366310119629
2.448306083679199
4.261455059051514
3.3616793155670166
3.292834520339966
4.667269229888916
4.831153392791748
3.841176748275757
4.096505641937256
3.481031656265259
1.9702175855636597
4.945833206176758
3.127523183822632
3.371760845184326
2.797546863555908
3.2099719047546387
4.408404350280762
3.5983872413635254
4.331395149230957
3.7349822521209717
2.903461217880249
4.252562046051025
3.612647771835327
3.4324283599853516
2.2760047912597656
3.704347848892212
4.643720626831055
3.176386594772339
3.3896450996398926
5.456862926483154
3.7928149700164795
2.529606580734253
3.221047878265381
4.596324920654297
3.290188789367676
3.950289487838745
4.526731967926025
4.048823833465576
4.460142135620117
3.4700024127960205
3.103638172149658
3.7258660793304443
3.9209139347076416
4.506465435028076
4.009637355804443
6.470808029174805
3.1411004066467285
4.884609222412109
2.669858455657959
4.049296855926514
3.569532871246338
1.6962954998016357
6.143409252166748
3.779171943664551
4.05839204788208
5.261861324310303
3.135192394256592
2.973146677017212
4.270918846130371
2.5724165439605713
5.014636993408203
3.7097666263580322
3.040849208831787
4.383101463317871
3.824237585067749
3.597512722015381
2.8190555572509766
2.410977840423584
2.0612123012542725
2.8262853622436523
4.618564128875732
3.2363979816436768
3.9290430545806885
1.2130835056304932
2.269209623336792
4.652439594268799
1.6687510013580322
3.596714735031128
3.1680338382720947
1.847938895225525
3.597510576248169
3.185872793197632
3.140611171722412
3.43550705909729
3.932248115539551
2.918658971786499
2.720930337905884
4.279244899749756
5.177138805389404
4.196508884429932
4.743612289428711
5.718676567077637
3.112306833267212
3.6658663749694824
2.643786668777466
3.394291400909424
4.915839195251465
3.055168628692627
1.9373799562454224
2.6537508964538574
4.381988048553467
3.427924156188965
3.0123140811920166
4.929234504699707
4.675755500793457
2.9032740592956543
3.484825849533081
3.2227962017059326
1.4538511037826538
4.580049514770508
1.3845064640045166
3.436892509460449
3.219311475753784
3.9906604290008545
5.410322189331055
3.0666329860687256
4.328149318695068
2.615435838699341
3.5335984230041504
2.8102364540100098
3.7043983936309814
4.1778564453125
4.486616134643555
1.8379915952682495
2.223722457885742
2.769758939743042
3.018624782562256
2.9878413677215576
4.324611186981201
3.546546220779419
2.43289852142334
2.876077890396118
2.5152487754821777
4.261805057525635
3.7681596279144287
5.343346118927002
3.170574188232422
4.870205402374268
2.579676389694214
3.25266170501709
2.5814101696014404
4.169417381286621
3.63165283203125
2.2791731357574463
3.510951519012451
2.566054105758667
3.8391146659851074
3.5352556705474854
0.6932961940765381
3.4392669200897217
4.072296142578125
5.461246967315674
2.9228124618530273
3.8011646270751953
2.985846757888794
2.360771656036377
3.954555034637451
3.4971842765808105
3.1437630653381348
2.7736423015594482
4.683166027069092
5.399434566497803
3.531423330307007
3.7750396728515625
4.6001081466674805
4.149872303009033
3.4723589420318604
2.9941163063049316
3.4570069313049316
3.001235008239746
3.276670455932617
3.8466155529022217
3.7309978008270264
4.705528259277344
3.4259681701660156
3.7267701625823975
4.50758695602417
3.3261473178863525
4.0167388916015625
2.998718023300171
3.3200314044952393
3.0711638927459717
2.7219653129577637
3.5353639125823975
2.324359178543091
2.5056838989257812
3.51450777053833
5.038987159729004
2.617229461669922
1.8781377077102661
2.4766809940338135
1.5499902963638306
5.8235673904418945
3.3206636905670166
3.8806653022766113
3.6023528575897217
3.740004062652588
4.560654640197754
4.140984058380127
4.519327163696289
4.729058742523193
4.315883636474609
2.73639178276062
4.258076190948486
3.2219271659851074
4.625460147857666
1.901658535003662
3.081975221633911
4.477329254150391
5.099993705749512
3.1622838973999023
2.3387768268585205
3.789419412612915
1.8931022882461548
5.374400615692139
3.3951008319854736
3.4468133449554443
