1.4182407855987549
1.9202297925949097
0.4123157560825348
2.0019376277923584
1.288968563079834
-0.045801300555467606
1.139877438545227
1.3808238506317139
1.2593278884887695
1.813969373703003
0.9923099875450134
1.451818823814392
1.275049090385437
0.35362082719802856
1.129717230796814
0.7693835496902466
0.935403048992157
1.3044689893722534
0.8733387589454651
1.2643802165985107
1.4646105766296387
1.567139983177185
0.7882065773010254
1.9408950805664062
0.5853913426399231
1.6840670108795166
1.3716615438461304
1.4891700744628906
1.4023933410644531
0.8097401857376099
1.2099485397338867
0.05343722924590111
1.8390389680862427
0.4990614354610443
1.0711818933486938
1.3299219608306885
1.477184534072876
0.5165607333183289
0.9861623644828796
1.3434206247329712
1.1950606107711792
1.2706348896026611
1.2210745811462402
1.3730930089950562
0.42988964915275574
0.8110436797142029
1.2678115367889404
2.4150471687316895
1.4576807022094727
1.8203991651535034
1.2518693208694458
1.9128385782241821
1.254530429840088
1.873671054840088
0.8033311367034912
0.5468007326126099
1.3265823125839233
1.465855598449707
1.571414828300476
1.0233489274978638
1.5054535865783691
1.0744856595993042
0.6040905117988586
0.9340991377830505
1.6016873121261597
0.5020453333854675
0.9429032802581787
0.6490947604179382
1.9744991064071655
2.218997001647949
1.1392719745635986
0.31142163276672363
1.3161509037017822
1.3114815950393677
0.7746569514274597
1.2290265560150146
2.282128095626831
1.135512351989746
1.393782377243042
0.7607758045196533
0.7659648060798645
1.3477373123168945
1.2438311576843262
0.20085982978343964
0.8919077515602112
0.9594950675964355
0.7830905318260193
1.1760203838348389
0.8015686869621277
2.025094747543335
1.0717108249664307
1.1125452518463135
1.7256616353988647
1.6750857830047607
0.7895798087120056
1.5280908346176147
0.40495437383651733
0.928358793258667
0.23421402275562286
0.7480259537696838
