1.1336137056350708
0.8221381306648254
0.32773539423942566
1.0704116821289062
1.4404468536376953
0.24361293017864227
0.8830161690711975
1.0418148040771484
1.5191129446029663
1.6669639348983765
1.9745192527770996
1.115159034729004
0.16933907568454742
0.8024779558181763
1.3498226404190063
0.4231104552745819
0.12602248787879944
0.9840320348739624
1.2285255193710327
1.2073763608932495
0.8692201972007751
1.2251787185668945
0.7427522540092468
0.3599885106086731
1.0805996656417847
0.8354166746139526
1.0344244241714478
0.9312739372253418
0.9675850868225098
1.1618082523345947
0.8173244595527649
0.4356897175312042
0.3130301535129547
1.112078309059143
0.7723509669303894
0.3809048533439636
0.8410069346427917
0.34073516726493835
0.6174112558364868
1.6102217435836792
0.9938877820968628
0.991024374961853
0.5418425798416138
1.8346269130706787
0.7173107266426086
0.7909403443336487
1.379251480102539
0.6533198356628418
1.604658603668213
0.25057095289230347
1.7484711408615112
1.3019328117370605
1.079061508178711
0.7865577340126038
1.079375147819519
0.35551726818084717
0.168991357088089
0.6032003164291382
1.6284449100494385
1.8926571607589722
1.0721067190170288
1.5320770740509033
0.15177026391029358
0.6287503242492676
0.7281683087348938
1.1771734952926636
1.0172827243804932
1.5715901851654053
1.1609283685684204
0.9751815795898438
0.8612298965454102
1.4048826694488525
0.5993068814277649
0.9818828701972961
1.245373010635376
1.088111400604248
0.8943416476249695
0.1061779111623764
0.48750215768814087
1.257007122039795
0.8536952137947083
0.2750299572944641
0.7587379217147827
1.646309494972229
1.6939986944198608
0.2957717776298523
0.3232339024543762
1.0244661569595337
1.450074315071106
1.0953483581542969
1.3670156002044678
1.7845892906188965
1.0451605319976807
1.7986068725585938
1.5014253854751587
0.7923693060874939
0.08012537658214569
0.557147741317749
0.7324913740158081
1.8607035875320435
