0.27849939465522766
1.1064456701278687
1.1005314588546753
0.5456076264381409
0.41748398542404175
0.39490699768066406
0.6615170836448669
0.5883774757385254
1.193225383758545
1.0369995832443237
1.1865460872650146
0.49461543560028076
0.005173823330551386
0.473527729511261
-0.6071296334266663
-0.5732138156890869
0.8771690130233765
1.47488534450531
-0.24285639822483063
0.1578637659549713
1.7096059322357178
0.6833034753799438
-1.000681757926941
-0.3830002546310425
0.9387314915657043
-0.0806708112359047
1.5224347114562988
1.411427617073059
0.31144988536834717
0.31660526990890503
1.2416796684265137
0.6847628951072693
1.1359683275222778
1.015129566192627
1.1479029655456543
-0.8301668763160706
0.8584160804748535
1.5086495876312256
1.4275274276733398
1.3486491441726685
0.2278415411710739
0.5685673356056213
0.4321193993091583
1.4706398248672485
1.3088245391845703
0.5171204805374146
-0.6088963150978088
-0.15402166545391083
1.1674398183822632
2.007660150527954
1.4759033918380737
1.1356984376907349
1.8396635055541992
2.004753828048706
-1.2355085611343384
1.4939833879470825
1.5308866500854492
0.014172843657433987
1.2870979309082031
0.8038203120231628
1.3047525882720947
0.9189609885215759
0.8368222117424011
0.9898566007614136
-0.10241781175136566
1.7242143154144287
1.213348388671875
0.5318208932876587
1.6117256879806519
2.222428560256958
2.1082215309143066
1.2270841598510742
0.7551731467247009
0.8564940690994263
1.4212733507156372
0.9831278920173645
0.5184301733970642
1.643095850944519
1.9747425317764282
0.17123815417289734
1.227966547012329
-1.0502549409866333
2.034980058670044
0.3665412962436676
0.4578549265861511
0.6448103785514832
-0.006083265878260136
1.3819648027420044
0.25087952613830566
-0.1804800182580948
-0.16194839775562286
0.25135543942451477
0.646201491355896
0.016314564272761345
1.9149646759033203
0.407428503036499
-1.2082232236862183
1.4838749170303345
0.827501118183136
0.7841723561286926
