7.14701509475708
4.27504301071167
2.573038101196289
5.220785617828369
4.199187755584717
3.9936044216156006
2.103503465652466
7.8058905601501465
3.968562126159668
5.359580039978027
2.873361349105835
6.295010089874268
4.100615501403809
3.987168788909912
6.343792915344238
1.8438550233840942
3.5906620025634766
5.161665916442871
4.342720031738281
5.314091205596924
8.040803909301758
7.51701021194458
4.6567301750183105
3.78916072845459
5.23859977722168
4.91805362701416
6.737656593322754
4.876272201538086
5.6452412605285645
4.906276226043701
2.0590193271636963
6.927200794219971
4.862590312957764
7.252065658569336
7.278107166290283
3.989346504211426
5.096831798553467
2.9124810695648193
5.611474514007568
6.819218635559082
4.177597999572754
4.3365936279296875
5.251513481140137
1.753604531288147
4.698230743408203
6.724459171295166
4.8105082511901855
6.302175045013428
5.584615230560303
4.083676815032959
6.308104515075684
1.8529608249664307
5.375858306884766
5.511862277984619
4.985665321350098
2.5329794883728027
5.8982462882995605
5.702855110168457
4.639547824859619
5.620990753173828
5.69081449508667
4.317086696624756
4.971238613128662
4.206780910491943
6.249915599822998
4.641390323638916
7.156061172485352
5.148397922515869
4.360065937042236
5.914985656738281
3.6730990409851074
4.607344627380371
4.302602767944336
3.55684494972229
2.2240819931030273
5.033896446228027
3.9590015411376953
4.284965515136719
3.98773193359375
5.911794662475586
6.820723056793213
3.5657007694244385
4.352114200592041
2.0808112621307373
6.178208351135254
4.698483943939209
3.6187329292297363
4.49247407913208
3.9440715312957764
5.180384159088135
5.97717809677124
5.456399440765381
3.7779955863952637
3.639187812805176
5.382782459259033
5.967742443084717
6.499195098876953
3.1480908393859863
5.883641719818115
5.073957443237305
