2.8389859199523926
4.8505964279174805
2.375727891921997
3.0901529788970947
2.5968034267425537
5.112566947937012
5.744329452514648
4.688051700592041
3.2729578018188477
4.505157947540283
1.7839657068252563
3.0207197666168213
4.9338698387146
5.2375264167785645
5.675610065460205
4.331806182861328
4.840972423553467
3.8297297954559326
3.798004150390625
6.77555513381958
4.666437149047852
1.8397026062011719
4.627810955047607
3.519876718521118
4.100381851196289
4.766139507293701
3.3366594314575195
1.2854503393173218
3.420945644378662
2.8164854049682617
5.476537227630615
4.224390029907227
6.924304962158203
3.5124943256378174
2.7734737396240234
5.554714679718018
3.237394332885742
2.5945773124694824
5.558351993560791
4.238040447235107
2.82749605178833
5.892468452453613
3.384091854095459
3.5097503662109375
4.8095622062683105
3.4213900566101074
4.605490684509277
3.6933932304382324
2.786681652069092
0.986259400844574
3.394742727279663
4.983432769775391
3.0277862548828125
3.321889638900757
2.772711992263794
4.649011135101318
1.8385388851165771
3.0275933742523193
4.337154388427734
3.0382020473480225
2.5567221641540527
2.123840808868408
4.424577713012695
2.774397373199463
3.0205464363098145
4.58231258392334
2.4993720054626465
5.8900861740112305
4.395046234130859
3.1539881229400635
3.00193452835083
4.946635723114014
4.162354469299316
2.961184501647949
2.7476208209991455
5.620426654815674
5.698002815246582
3.1936163902282715
4.866328716278076
4.954373359680176
5.099757671356201
2.8316421508789062
4.48822021484375
3.8222315311431885
2.9582338333129883
5.262129783630371
4.484623432159424
3.1203479766845703
2.276312828063965
3.4260945320129395
5.644284725189209
6.336236476898193
2.397961139678955
4.839834213256836
3.891308307647705
3.468043327331543
3.667450428009033
1.7663366794586182
3.051154375076294
4.040258884429932
