9.934030532836914
9.912898063659668
8.909916877746582
9.516295433044434
8.991192817687988
9.86617374420166
9.713340759277344
9.393003463745117
9.859208106994629
10.123939514160156
9.277758598327637
10.58220100402832
7.966050624847412
7.88836669921875
9.215229034423828
11.137908935546875
8.949349403381348
7.8025407791137695
8.873458862304688
8.919173240661621
11.200309753417969
10.746479034423828
10.549116134643555
9.547040939331055
10.880759239196777
9.182822227478027
9.284265518188477
7.758119583129883
7.177571773529053
8.554698944091797
8.210115432739258
9.029709815979004
10.127171516418457
7.3566975593566895
10.3770112991333
8.789605140686035
9.301615715026855
6.842456340789795
10.16476058959961
9.551580429077148
10.590249061584473
9.330087661743164
8.997209548950195
9.749566078186035
9.900274276733398
8.629968643188477
9.420646667480469
7.591626167297363
9.004901885986328
8.847611427307129
9.229331970214844
8.104931831359863
8.752730369567871
10.506627082824707
7.6163787841796875
7.955461025238037
8.191610336303711
10.097687721252441
10.390970230102539
9.920697212219238
9.933570861816406
8.86552619934082
10.164283752441406
9.047639846801758
10.661879539489746
9.86014461517334
10.261489868164062
10.03480339050293
9.989928245544434
7.949965953826904
10.61901569366455
10.85280990600586
10.788543701171875
8.312315940856934
8.250943183898926
9.468862533569336
10.66553783416748
10.71442699432373
7.211839199066162
10.9437255859375
8.948419570922852
9.373456001281738
9.759990692138672
9.968449592590332
9.767003059387207
9.481200218200684
8.169014930725098
8.878776550292969
10.443387985229492
8.786893844604492
10.877106666564941
8.849100112915039
9.447426795959473
11.004546165466309
9.360954284667969
8.904844284057617
9.730528831481934
10.272052764892578
9.877744674682617
8.949538230895996
9.486878395080566
9.854485511779785
10.365954399108887
7.964842319488525
8.232522964477539
8.006762504577637
9.559162139892578
9.299654006958008
10.011295318603516
9.308027267456055
9.714417457580566
10.328587532043457
10.91551685333252
8.176158905029297
10.542359352111816
8.253326416015625
8.614971160888672
9.451492309570312
10.9983549118042
8.539950370788574
9.700736999511719
6.638121128082275
9.714122772216797
9.17066764831543
10.096704483032227
8.739422798156738
10.578783988952637
9.900572776794434
10.310521125793457
9.857503890991211
10.503478050231934
9.170098304748535
10.169768333435059
5.794078826904297
8.26234245300293
7.14313268661499
10.090415000915527
10.153294563293457
8.936782836914062
11.208977699279785
9.122492790222168
9.64474105834961
9.962308883666992
10.245439529418945
9.5259428024292
9.424002647399902
6.7677083015441895
9.819299697875977
9.916376113891602
9.920083999633789
9.220268249511719
10.537348747253418
9.741905212402344
9.449800491333008
10.566210746765137
8.504401206970215
9.630348205566406
8.609457015991211
10.0699462890625
7.837297439575195
9.925557136535645
9.349785804748535
10.013566017150879
10.052067756652832
10.014862060546875
9.188740730285645
10.208322525024414
10.557589530944824
9.966973304748535
8.084748268127441
9.324745178222656
9.800829887390137
10.153497695922852
9.332906723022461
10.177650451660156
9.51180648803711
10.128090858459473
10.365365028381348
10.29330062866211
10.300213813781738
10.434185981750488
9.100029945373535
9.793983459472656
7.962195873260498
9.869630813598633
10.521627426147461
10.803474426269531
10.103848457336426
9.80137825012207
11.146720886230469
11.109206199645996
10.407392501831055
9.003823280334473
10.387490272521973
10.351741790771484
9.09403133392334
9.125330924987793
9.811239242553711
10.311295509338379
8.333690643310547
9.724154472351074
11.268877029418945
9.128165245056152
11.222820281982422
9.776092529296875
10.057226181030273
10.09380054473877
7.87521505355835
9.70872688293457
7.629485130310059
11.069733619689941
8.813627243041992
9.39445972442627
11.09705924987793
9.702574729919434
9.651992797851562
10.921175003051758
9.69028377532959
10.737386703491211
9.880382537841797
7.662350654602051
8.918898582458496
8.786200523376465
10.34207534790039
9.457124710083008
9.36959457397461
7.868668079376221
8.692536354064941
8.455571174621582
9.451726913452148
9.635543823242188
9.75039291381836
11.080227851867676
10.704896926879883
9.910094261169434
10.501543045043945
10.597765922546387
9.868404388427734
9.124959945678711
9.678115844726562
10.735628128051758
10.764076232910156
8.679781913757324
11.068623542785645
9.052000999450684
10.077710151672363
7.415739059448242
10.642755508422852
10.127565383911133
9.297417640686035
9.30042839050293
8.85919189453125
9.637810707092285
10.392082214355469
8.008719444274902
10.089454650878906
7.440074920654297
9.350707054138184
9.832046508789062
9.463410377502441
9.328258514404297
9.342028617858887
9.529749870300293
10.864243507385254
10.75302791595459
9.295944213867188
9.19812297821045
9.562040328979492
9.788362503051758
10.735791206359863
10.29039478302002
9.164188385009766
7.4257731437683105
9.547623634338379
11.076805114746094
8.794350624084473
8.37562084197998
10.430371284484863
10.11378288269043
10.02472972869873
8.428318977355957
9.364011764526367
8.158679962158203
8.942171096801758
9.595146179199219
9.604079246520996
8.220325469970703
9.41731071472168
9.398544311523438
10.439979553222656
8.401044845581055
10.51411247253418
10.417770385742188
9.36630630493164
9.624004364013672
10.681466102600098
8.99841594696045
9.555919647216797
9.264888763427734
9.262006759643555
9.948607444763184
9.347058296203613
10.910029411315918
8.255391120910645
11.321764945983887
8.636695861816406
10.509231567382812
6.667629718780518
9.564786911010742
10.652405738830566
8.179620742797852
10.497520446777344
8.739958763122559
9.479022026062012
8.476655006408691
10.676921844482422
9.40185260772705
10.26693344116211
7.928194522857666
10.046095848083496
8.579632759094238
9.516916275024414
9.218766212463379
8.997456550598145
9.517936706542969
10.23055648803711
11.045188903808594
8.765413284301758
9.651479721069336
10.373842239379883
10.474181175231934
9.447532653808594
9.837754249572754
8.805488586425781
7.908282279968262
9.294301986694336
8.892833709716797
10.109585762023926
10.883508682250977
11.001961708068848
11.163673400878906
9.371071815490723
10.52629280090332
11.49612045288086
9.900003433227539
10.32897663116455
9.094767570495605
9.921014785766602
9.980010986328125
10.38404655456543
7.871341228485107
10.691346168518066
9.986194610595703
9.26969051361084
9.403082847595215
8.823955535888672
10.368629455566406
9.04387092590332
8.970297813415527
8.974825859069824
9.98287296295166
11.305841445922852
7.9329705238342285
10.335658073425293
10.302735328674316
10.757972717285156
8.867443084716797
9.592266082763672
7.8183674812316895
9.73018741607666
10.022392272949219
10.28915786743164
10.622652053833008
10.127470016479492
10.623579025268555
10.34107494354248
9.341524124145508
9.652435302734375
8.742918968200684
9.901407241821289
9.5396146774292
10.165864944458008
9.471115112304688
8.669670104980469
9.711003303527832
9.80804443359375
10.420775413513184
10.470558166503906
9.1222505569458
10.397469520568848
10.525484085083008
9.777739524841309
8.900313377380371
10.397598266601562
10.41523265838623
6.748619079589844
10.692856788635254
9.158961296081543
4.020898818969727
9.507827758789062
9.908796310424805
9.416147232055664
9.40019702911377
7.988780975341797
8.390939712524414
10.164227485656738
9.557137489318848
9.940206527709961
8.543051719665527
10.7483549118042
8.817697525024414
8.775540351867676
9.133299827575684
9.473230361938477
7.695514678955078
10.012690544128418
10.63151741027832
11.053759574890137
6.940532207489014
8.368661880493164
10.3900785446167
9.543197631835938
10.754110336303711
9.880890846252441
9.411198616027832
7.818271636962891
6.914109706878662
9.887643814086914
10.892711639404297
11.278377532958984
9.284326553344727
9.379485130310059
10.110291481018066
8.636972427368164
10.303567886352539
8.795918464660645
10.082928657531738
8.58389663696289
10.172234535217285
9.125200271606445
8.858142852783203
9.293081283569336
9.765645980834961
10.987285614013672
6.9994587898254395
10.531930923461914
9.037668228149414
11.162275314331055
10.125421524047852
7.77766227722168
9.53290843963623
10.934239387512207
10.106876373291016
10.572442054748535
8.600205421447754
9.578725814819336
10.28832721710205
8.682689666748047
9.35815143585205
9.970553398132324
9.196836471557617
9.652400970458984
9.83304500579834
8.919803619384766
10.012604713439941
9.275675773620605
9.780713081359863
9.561514854431152
9.977838516235352
10.073224067687988
10.294949531555176
9.906399726867676
10.179224014282227
8.548054695129395
10.293537139892578
9.718612670898438
10.179917335510254
10.047233581542969
8.009622573852539
7.631733417510986
10.33265209197998
9.983348846435547
9.612212181091309
10.273595809936523
8.626374244689941
10.224895477294922
9.261245727539062
9.061217308044434
7.983338356018066
9.48967456817627
9.341009140014648
10.25693416595459
10.844122886657715
8.914861679077148
7.927469253540039
8.999098777770996
8.427462577819824
9.607083320617676
9.827799797058105
9.995421409606934
