6.869017124176025
8.516515731811523
6.570201873779297
10.119232177734375
4.1744232177734375
8.40717601776123
7.662695407867432
5.579628944396973
10.740092277526855
9.138978004455566
3.8094043731689453
6.670733451843262
8.229059219360352
6.375851154327393
8.242094039916992
5.470028400421143
8.20040225982666
10.668867111206055
5.7944817543029785
5.166274547576904
6.104538440704346
3.8149960041046143
11.378914833068848
5.047508716583252
8.033029556274414
5.09056282043457
9.863845825195312
10.161090850830078
9.597208976745605
8.659700393676758
7.770083427429199
6.4932122230529785
3.9762485027313232
10.750153541564941
10.846334457397461
9.46585464477539
7.030817985534668
6.972553730010986
9.36297607421875
10.094850540161133
9.239034652709961
9.853263854980469
7.880579471588135
7.587363243103027
7.5588836669921875
6.340436935424805
9.983208656311035
5.714314937591553
9.062828063964844
7.599261283874512
7.675212383270264
3.572350025177002
8.670032501220703
7.383258819580078
8.855894088745117
9.426507949829102
6.34766149520874
2.7952051162719727
5.258441925048828
9.471571922302246
6.9529852867126465
8.84706974029541
2.4592602252960205
7.671889781951904
9.7883939743042
6.439681529998779
6.076035976409912
10.236673355102539
9.58126449584961
4.19978141784668
8.359770774841309
2.347320556640625
10.88360595703125
9.285216331481934
7.234524250030518
8.37623119354248
6.635434150695801
3.759253740310669
11.349650382995605
10.350848197937012
5.268609523773193
9.833189964294434
7.650423526763916
6.298989295959473
4.796377182006836
8.039288520812988
9.891884803771973
9.499212265014648
5.727762222290039
8.197504043579102
6.073673248291016
7.014341831207275
9.616775512695312
10.464468002319336
6.255197048187256
4.9026947021484375
10.396759033203125
10.330925941467285
8.8936185836792
4.552680015563965
7.648856163024902
7.805740833282471
7.982243061065674
3.4699106216430664
11.447053909301758
5.066384792327881
8.23487377166748
8.863887786865234
11.391647338867188
7.03115177154541
7.163979530334473
10.474226951599121
6.355463027954102
8.7426176071167
9.286502838134766
7.846451282501221
7.340307712554932
5.585030555725098
7.003872394561768
10.04510498046875
7.912822246551514
7.787264347076416
8.828225135803223
7.504611968994141
10.144210815429688
8.875914573669434
9.726253509521484
7.468825817108154
9.93844223022461
6.906213760375977
8.952909469604492
8.075328826904297
9.539027214050293
8.605279922485352
6.254234313964844
7.390954971313477
8.750641822814941
5.9448933601379395
5.579189777374268
4.767298221588135
7.018846035003662
8.64822006225586
9.7554292678833
5.157375812530518
4.542360782623291
5.406229019165039
7.456131458282471
7.9580512046813965
6.829445838928223
9.31484603881836
6.784684181213379
4.146911144256592
7.176824569702148
6.012207984924316
7.173953533172607
7.725502967834473
8.32060718536377
4.631242752075195
8.850179672241211
9.55821704864502
3.3514175415039062
4.60935640335083
6.696446418762207
6.150448322296143
4.235184669494629
4.886837482452393
5.399338245391846
9.48367691040039
6.919510841369629
5.677488803863525
9.711119651794434
8.4285249710083
6.091955184936523
4.868800163269043
7.913715839385986
7.1827239990234375
8.201602935791016
7.097504138946533
7.3744587898254395
7.6523942947387695
9.315361976623535
9.707040786743164
8.269893646240234
9.18889045715332
7.823777675628662
9.504216194152832
10.993046760559082
8.436888694763184
6.342446804046631
8.706274032592773
7.276665210723877
7.823442459106445
8.097482681274414
8.34505844116211
9.580869674682617
6.959519863128662
7.444225311279297
8.11376953125
4.533524513244629
10.781645774841309
4.421521186828613
7.687666893005371
9.09532642364502
5.248870849609375
8.08694076538086
11.381351470947266
5.574342727661133
5.9896979331970215
6.731062412261963
5.500155925750732
7.322598457336426
8.052255630493164
10.336453437805176
7.446866035461426
3.8435540199279785
10.24443244934082
4.691972732543945
6.157829761505127
4.48457670211792
7.5112833976745605
5.590782642364502
9.947497367858887
8.452083587646484
5.327256202697754
7.782781600952148
5.576950550079346
7.505878448486328
9.865657806396484
5.78700065612793
8.769757270812988
5.086941242218018
7.392984390258789
6.644046306610107
5.4012451171875
6.402388572692871
6.443833351135254
7.323087692260742
8.248680114746094
6.604793071746826
5.552696228027344
10.218523979187012
11.082683563232422
6.486080169677734
5.389192581176758
4.379097938537598
7.864040851593018
11.57926082611084
10.60255241394043
8.92179012298584
8.622218132019043
7.610538005828857
6.779301166534424
3.964266777038574
8.520968437194824
6.549056053161621
8.31888198852539
2.274855613708496
10.05447006225586
4.320223331451416
8.520256042480469
8.119486808776855
9.746358871459961
7.360003471374512
6.735925197601318
7.086678981781006
6.282017707824707
3.024535655975342
4.656396389007568
9.847915649414062
7.407417297363281
5.849688529968262
7.975944995880127
6.52174711227417
8.621736526489258
7.8788299560546875
10.59418773651123
10.133052825927734
6.226049900054932
7.366267204284668
9.636677742004395
6.141623497009277
6.670406341552734
7.137045860290527
9.781351089477539
4.936897277832031
6.749159812927246
9.649446487426758
4.71414041519165
9.155450820922852
7.68890380859375
6.2413458824157715
8.500068664550781
9.938769340515137
8.695182800292969
5.77137565612793
6.333648681640625
7.003689765930176
11.817734718322754
10.227599143981934
5.258217811584473
7.448655605316162
7.038818359375
7.71655797958374
5.147154808044434
6.917888164520264
4.822309494018555
9.251413345336914
9.741642951965332
6.835385799407959
9.82424545288086
2.30582594871521
8.537954330444336
9.642497062683105
5.5830488204956055
9.455893516540527
8.345937728881836
9.45970630645752
9.839958190917969
5.771450996398926
9.643193244934082
4.742691516876221
5.853964328765869
8.666396141052246
9.894174575805664
6.817596912384033
5.545936107635498
6.803106307983398
4.069986343383789
8.605544090270996
5.304616928100586
6.903012275695801
8.667993545532227
5.8405585289001465
5.969812393188477
9.237380981445312
5.653763771057129
9.165807723999023
10.54903507232666
9.167098045349121
7.989783763885498
7.762033939361572
10.26647663116455
5.608793258666992
4.303937911987305
5.271452903747559
7.897469997406006
8.563457489013672
7.674952983856201
9.84465503692627
4.983153343200684
5.836938381195068
6.146399974822998
10.304777145385742
7.319230556488037
8.381112098693848
7.734764099121094
8.055967330932617
2.1355481147766113
9.306714057922363
4.845577716827393
5.822576522827148
7.821971416473389
8.519827842712402
8.748942375183105
8.229143142700195
10.34089183807373
6.917581558227539
7.8884053230285645
6.099398612976074
7.012975215911865
2.472710371017456
3.2238175868988037
8.162774085998535
4.915438175201416
5.0250959396362305
6.4651570320129395
5.063385486602783
11.468565940856934
3.820702314376831
10.447227478027344
6.22394323348999
10.145578384399414
9.9795560836792
4.623941421508789
7.810092926025391
7.833474159240723
8.81320858001709
6.32476806640625
9.797296524047852
2.468585968017578
6.940220832824707
7.027731418609619
6.857176303863525
4.204061985015869
10.212021827697754
6.631112575531006
10.937965393066406
4.237754821777344
6.201358318328857
7.150057315826416
7.982161521911621
5.441567420959473
3.718473434448242
7.819222927093506
6.168732166290283
5.573203086853027
4.9462385177612305
9.200748443603516
7.182528018951416
7.751982688903809
11.578681945800781
5.737149238586426
8.48958683013916
3.934061050415039
9.275215148925781
10.105168342590332
8.916210174560547
6.464171886444092
7.751418590545654
6.356806755065918
7.938990116119385
7.059549331665039
9.828190803527832
7.51920747756958
6.788188934326172
6.892505168914795
9.806817054748535
3.7388103008270264
7.210982322692871
8.294426918029785
7.928323745727539
7.680008411407471
6.1595845222473145
5.433509349822998
6.370467185974121
7.326286792755127
8.9879150390625
6.5160651206970215
5.8309712409973145
6.024021148681641
7.999597549438477
8.952476501464844
10.175868034362793
10.056203842163086
4.425607204437256
10.199130058288574
8.560489654541016
5.467904567718506
8.97289752960205
7.112865447998047
5.326456069946289
4.618912220001221
6.00763463973999
0.02211005613207817
8.55363941192627
8.983013153076172
10.7678861618042
7.617941379547119
11.199986457824707
11.24001693725586
8.928397178649902
5.944900035858154
4.801848411560059
4.6754255294799805
5.51513671875
3.8681633472442627
6.924147129058838
6.148656368255615
4.509202003479004
10.268346786499023
10.029592514038086
6.610572338104248
8.004996299743652
10.447967529296875
7.9224653244018555
5.60443639755249
9.219179153442383
10.721989631652832
6.604545593261719
7.110586166381836
7.873267650604248
4.649495601654053
7.209386348724365
7.390725135803223
6.315608978271484
3.890817642211914
11.11087703704834
4.944221496582031
8.662880897521973
9.935445785522461
8.066502571105957
7.86759614944458
8.236294746398926
10.70284652709961
8.832789421081543
9.721301078796387
3.9153263568878174
6.89984655380249
6.177115440368652
5.618225574493408
