0.07223282009363174
1.4723424911499023
0.5933678150177002
1.758090615272522
0.557723879814148
0.7876864075660706
0.8667148947715759
0.6658421754837036
1.5064899921417236
1.6620413064956665
1.5994824171066284
1.0335580110549927
1.5928899049758911
0.3368264138698578
1.9135173559188843
0.09299203753471375
1.097580075263977
0.09470120072364807
2.166212320327759
0.3990458846092224
1.0161741971969604
1.1299622058868408
0.4953521192073822
0.7299997210502625
1.0304142236709595
1.0845710039138794
0.5720096826553345
1.1717137098312378
0.5397891402244568
0.4270283579826355
1.6261144876480103
0.40879523754119873
1.4108799695968628
0.13560163974761963
1.0363725423812866
0.5877747535705566
1.3378183841705322
1.1857832670211792
0.8617820143699646
-0.1776459515094757
1.2103780508041382
-0.6206178069114685
0.521388590335846
0.4818955659866333
0.022180087864398956
1.6657776832580566
0.4961670935153961
1.450765609741211
-0.02891000173985958
-0.13100270926952362
1.1540181636810303
0.8484277129173279
-0.01580607146024704
1.6770684719085693
2.6043524742126465
0.376310795545578
0.06789331883192062
2.6214044094085693
1.6984974145889282
0.943076491355896
0.6540931463241577
1.352752923965454
0.43062087893486023
1.170668125152588
0.6603912711143494
1.5334365367889404
1.2106903791427612
1.1505273580551147
0.20902806520462036
0.1890232115983963
0.7832154631614685
1.1818182468414307
0.4485374093055725
1.0844755172729492
0.47424745559692383
1.3322062492370605
-0.2128761261701584
1.5711655616760254
0.6219087839126587
1.2805546522140503
1.0143948793411255
1.2683367729187012
0.4385509490966797
0.9531841278076172
0.4364738166332245
0.8682940602302551
0.9405983686447144
1.3996237516403198
1.2702668905258179
0.5516570210456848
0.8306602239608765
1.894453525543213
1.7689902782440186
1.2359914779663086
1.0381563901901245
0.9284754395484924
-0.05410344526171684
1.238940715789795
0.833528459072113
1.8164762258529663
