3.578514575958252
3.581329107284546
5.243411540985107
4.220992565155029
6.621236324310303
3.5265283584594727
4.536997318267822
4.176121234893799
2.050372362136841
5.544714450836182
3.9120724201202393
5.821069240570068
6.276546478271484
5.437602519989014
4.623746395111084
6.060523509979248
3.213357925415039
2.255185604095459
5.650689601898193
5.052018165588379
4.593683242797852
2.553476095199585
7.357422828674316
6.157865047454834
1.7185176610946655
4.924667835235596
6.8143157958984375
6.434550762176514
3.0992512702941895
4.359931468963623
4.178821086883545
4.397298812866211
4.861976146697998
3.375767469406128
2.0122737884521484
4.937915802001953
2.852569580078125
5.302431583404541
4.739291191101074
6.588890075683594
3.1601741313934326
4.000681400299072
4.041520118713379
3.482328414916992
4.2633562088012695
5.754772186279297
6.862459659576416
5.384200572967529
1.6103013753890991
7.763602256774902
4.852560997009277
4.489734172821045
4.440832614898682
5.11338472366333
5.193660736083984
5.598337173461914
7.809118747711182
8.651610374450684
5.796453475952148
4.802120685577393
4.748819351196289
4.986225128173828
3.8827638626098633
5.551252841949463
2.863074541091919
5.506179332733154
6.852683067321777
5.0831146240234375
4.438366413116455
2.5844404697418213
3.674233913421631
2.5744235515594482
4.662373065948486
4.380949020385742
7.038650989532471
5.61385440826416
4.258785724639893
4.644250392913818
6.184442043304443
5.20069694519043
3.4056177139282227
4.501220703125
5.898804187774658
5.9200944900512695
3.8610095977783203
5.408534526824951
4.231103420257568
7.849870204925537
4.918124675750732
4.528310298919678
2.616048574447632
4.9007768630981445
8.698094367980957
7.308173179626465
4.5292463302612305
4.517866611480713
6.893404960632324
3.3395609855651855
5.732024192810059
4.7318949699401855
