3.5026347637176514
3.538147449493408
2.444396734237671
3.344442129135132
2.6408591270446777
4.4854888916015625
3.228386878967285
3.8665971755981445
3.2738606929779053
2.8366270065307617
4.30744743347168
3.115496873855591
4.245861053466797
1.63958740234375
3.405350923538208
3.0335679054260254
3.8901238441467285
2.4948341846466064
3.6336753368377686
2.9895927906036377
2.8669564723968506
2.5989084243774414
4.502697467803955
4.548702716827393
3.1131958961486816
3.99570894241333
4.7454304695129395
4.440269470214844
6.674764156341553
3.1271040439605713
4.43541145324707
2.6626570224761963
1.8620258569717407
1.7932522296905518
2.4770984649658203
2.5738461017608643
3.610999345779419
2.066560745239258
2.954655408859253
2.322807788848877
3.444580078125
6.28797721862793
7.196489334106445
4.770362377166748
4.407926082611084
2.277498483657837
3.855294704437256
2.6255054473876953
3.073700428009033
2.842909336090088
2.5974020957946777
4.158450603485107
3.1399595737457275
2.471021890640259
1.7466225624084473
1.8344340324401855
2.224428176879883
3.600848436355591
2.0323996543884277
4.284928321838379
3.0305118560791016
5.542361259460449
4.489843845367432
2.616342544555664
4.141904354095459
3.1872990131378174
2.923696517944336
3.706712245941162
3.3935508728027344
3.6629607677459717
3.5051586627960205
3.1113388538360596
2.675161123275757
3.201751470565796
10.51433277130127
2.2198169231414795
2.7407405376434326
3.117870330810547
3.3265764713287354
3.5324463844299316
4.7798566818237305
3.0537161827087402
2.891578435897827
3.6112077236175537
4.468046188354492
3.166720390319824
2.465592622756958
3.3264238834381104
3.930213689804077
2.4650354385375977
1.7892818450927734
3.291966676712036
2.938451051712036
0.8191178441047668
2.122215509414673
2.7003326416015625
3.004096269607544
2.903627634048462
3.2124555110931396
2.4086766242980957
