4.520895004272461
6.881336212158203
8.123089790344238
7.440787315368652
1.4324016571044922
6.0797200202941895
7.158273220062256
5.517117023468018
8.555033683776855
5.611600875854492
5.993773460388184
6.3961615562438965
3.821263074874878
6.993147850036621
8.575313568115234
14.202640533447266
9.238444328308105
5.660466194152832
6.242457866668701
5.031063079833984
5.573628902435303
5.656866073608398
3.9209742546081543
7.386233806610107
5.940723419189453
6.225581169128418
6.181427478790283
5.195080757141113
10.144037246704102
8.340049743652344
6.566592693328857
6.221613883972168
7.64664888381958
4.337990760803223
7.642939567565918
1.935378074645996
10.28983211517334
6.026933670043945
8.324771881103516
4.713888645172119
7.000537395477295
11.02712631225586
8.375566482543945
3.610337734222412
9.121313095092773
4.419130325317383
8.79180908203125
9.666851997375488
3.4031946659088135
7.725361347198486
5.7337117195129395
4.0967817306518555
9.469342231750488
10.5036039352417
3.1394519805908203
5.106439590454102
5.014196395874023
8.777765274047852
5.544060707092285
6.483683109283447
9.051746368408203
9.843865394592285
7.981451988220215
4.864526271820068
9.090170860290527
2.5797653198242188
9.919697761535645
8.129903793334961
2.882798433303833
5.895484924316406
5.640007495880127
10.313542366027832
5.293256759643555
7.680860996246338
8.229697227478027
6.456103801727295
8.536360740661621
8.250831604003906
9.331613540649414
3.625311851501465
6.583752632141113
10.17318344116211
6.5057759284973145
7.00323486328125
6.6429009437561035
5.319459915161133
4.058276653289795
13.204989433288574
8.638082504272461
3.597870349884033
6.051207542419434
10.234650611877441
9.666851997375488
1.973641037940979
5.83839225769043
2.534960985183716
7.509158611297607
7.360942363739014
9.871488571166992
10.987442970275879
