-0.9744643568992615
-2.0073609352111816
-2.035296678543091
0.8670878410339355
-1.9207959175109863
-1.344718098640442
-1.7602238655090332
-2.2348337173461914
-0.9803220629692078
-0.46833741664886475
-2.063235282897949
-1.8829445838928223
-3.379560947418213
-4.664052963256836
-1.8248299360275269
-1.8431015014648438
-1.5538623332977295
-2.2607998847961426
-2.628782272338867
-2.042454957962036
-1.5294922590255737
-1.2709059715270996
-0.5800581574440002
-1.8554805517196655
-2.0052804946899414
-0.663214921951294
-3.7985637187957764
-2.4120078086853027
-1.8291821479797363
-0.2116946429014206
-1.9250704050064087
-1.0481696128845215
-2.4340860843658447
-2.126765251159668
-2.0413968563079834
-1.7187093496322632
-0.9132314324378967
-0.2837463319301605
-2.303886890411377
-1.301106572151184
-1.2200449705123901
-0.9597228169441223
-3.0645952224731445
-2.1792309284210205
-0.5441656708717346
-0.5022280812263489
-4.110453128814697
-2.079589605331421
-0.43507829308509827
-0.17386877536773682
-1.4429305791854858
-1.8928489685058594
-1.0137381553649902
-1.7421875
-2.2475249767303467
-0.9467830657958984
0.5696443319320679
-2.6810193061828613
0.12866170704364777
-1.1392905712127686
-1.9325790405273438
-0.02095392905175686
-0.6165264248847961
-0.16419994831085205
-0.34820640087127686
-1.5226577520370483
-4.013916969299316
-3.901790142059326
-1.68972647190094
0.8707078099250793
-1.4555330276489258
-2.023428201675415
-1.818756341934204
-1.7438340187072754
-1.8526535034179688
-1.0257574319839478
-1.3635509014129639
-1.3867849111557007
-1.6937830448150635
-1.0755425691604614
-1.0932470560073853
-1.2350302934646606
-0.8526296019554138
0.8576583862304688
-0.9648404121398926
-2.452349901199341
-1.6121777296066284
-3.247978925704956
-2.7433218955993652
-2.4574637413024902
-1.881320834159851
-0.6022678017616272
-2.7107722759246826
-1.5157532691955566
-0.34830209612846375
-2.134636163711548
0.024414891377091408
-1.8729321956634521
-2.20926833152771
-1.850653886795044
