3.650651454925537
3.720491647720337
3.1856296062469482
2.4591994285583496
4.133405685424805
2.481640577316284
3.5595614910125732
5.015377044677734
5.50206995010376
4.176551342010498
3.5729496479034424
4.6492390632629395
3.804802656173706
3.036952018737793
4.012333869934082
2.6152169704437256
5.352881908416748
2.7534587383270264
2.6768290996551514
4.590200424194336
3.8895809650421143
5.156649112701416
3.3359644412994385
2.1611151695251465
3.5869832038879395
3.4183528423309326
4.195885181427002
4.17306661605835
4.302877426147461
3.639986276626587
2.734010934829712
2.918715000152588
2.614166021347046
7.14918327331543
4.448748588562012
3.1402578353881836
4.3931193351745605
3.400284767150879
1.9599813222885132
4.084904193878174
4.393406867980957
4.113791465759277
4.215116500854492
1.3567169904708862
3.8830606937408447
3.866485357284546
3.054046630859375
4.089881896972656
4.272160530090332
3.9989068508148193
2.837881565093994
2.880842447280884
4.244472026824951
3.908600330352783
3.3322556018829346
2.312122106552124
6.20719575881958
3.320272207260132
2.8502514362335205
3.9331324100494385
4.438215255737305
4.259373664855957
5.130032539367676
3.9315178394317627
3.7741754055023193
2.2042596340179443
0.7573935985565186
4.474464416503906
3.998164176940918
4.402740478515625
3.206078290939331
2.6601052284240723
4.9652605056762695
2.5663461685180664
3.691270351409912
3.3820254802703857
3.707169771194458
2.0034592151641846
3.628685474395752
3.422348737716675
4.063096523284912
3.8063628673553467
3.1000301837921143
4.029025554656982
3.7918918132781982
1.924079418182373
2.9721574783325195
3.7788279056549072
4.4648823738098145
5.406890392303467
2.631873846054077
3.7995834350585938
3.463855028152466
3.066101551055908
5.2722086906433105
5.1868109703063965
5.160317420959473
2.8953280448913574
4.191849708557129
3.621387243270874
2.737313985824585
5.275880813598633
4.169297218322754
3.4872360229492188
3.8771843910217285
3.390575885772705
4.075461387634277
3.61855149269104
3.172576427459717
2.4443905353546143
5.739956378936768
3.923039197921753
3.9617860317230225
4.2639007568359375
2.650881290435791
3.8163485527038574
4.285808563232422
4.386220932006836
4.171998500823975
4.204042911529541
3.9376823902130127
3.6064999103546143
2.7741386890411377
1.3339927196502686
2.810321092605591
3.1451542377471924
3.5210931301116943
4.112475872039795
3.605424404144287
2.862562417984009
3.3650572299957275
5.373208999633789
4.577779293060303
4.928465366363525
3.946976900100708
3.320460796356201
5.117347717285156
4.239639759063721
4.351205348968506
4.400185585021973
4.085207939147949
1.8359887599945068
2.4955179691314697
5.7729105949401855
5.984817028045654
3.5636250972747803
3.8801498413085938
2.8381755352020264
3.601447105407715
3.5950396060943604
3.5313737392425537
2.1999855041503906
5.7762837409973145
6.922805309295654
4.406942844390869
3.57244873046875
3.4427449703216553
3.760751962661743
4.688229084014893
1.780534267425537
3.5571131706237793
3.4007577896118164
3.3746185302734375
4.344370365142822
5.123381614685059
4.363704681396484
1.2109812498092651
4.429917812347412
3.3617424964904785
2.7418510913848877
5.38348913192749
4.728844165802002
2.903640031814575
3.921130418777466
4.656010627746582
3.062324047088623
6.510462284088135
3.7316324710845947
3.8762567043304443
1.684676170349121
3.2412118911743164
3.3431694507598877
2.9518041610717773
2.968386650085449
2.249723196029663
3.4011943340301514
3.078204870223999
4.0985517501831055
3.8206136226654053
3.732672929763794
4.433351039886475
4.475752830505371
5.4498372077941895
4.331175327301025
3.233442783355713
2.9354660511016846
2.56420636177063
3.2286698818206787
3.2249596118927
5.766942977905273
2.775684356689453
4.094048976898193
4.498387336730957
2.6682651042938232
2.0803823471069336
4.1258087158203125
3.888516426086426
3.3877954483032227
2.4831583499908447
4.426568508148193
1.9097427129745483
4.322442531585693
3.65848970413208
3.5668299198150635
-0.06379716098308563
3.390943765640259
3.9831042289733887
0.7650223970413208
2.909572124481201
3.5931665897369385
4.664739608764648
4.903166770935059
2.658263683319092
2.7290797233581543
1.2905282974243164
3.8062243461608887
3.329054832458496
4.14158296585083
3.7665748596191406
6.146833419799805
1.2741529941558838
2.208339214324951
5.015502452850342
3.7500152587890625
3.7375056743621826
2.641777992248535
4.9588775634765625
1.7101831436157227
4.195711135864258
2.6257987022399902
3.3538362979888916
3.5227458477020264
3.8250317573547363
2.0214755535125732
3.338334560394287
3.0985982418060303
3.2761547565460205
2.0425965785980225
3.633068561553955
4.142106533050537
4.944314956665039
4.031912326812744
2.582810878753662
4.3354010581970215
2.5026700496673584
3.1176326274871826
2.4751596450805664
4.247674465179443
2.974764585494995
4.974964141845703
3.5945208072662354
2.3156046867370605
4.745110034942627
3.8273072242736816
2.6223292350769043
2.4558167457580566
5.274293899536133
3.195262908935547
4.748417377471924
3.607614040374756
5.819498062133789
3.9131124019622803
4.424115180969238
2.567826509475708
3.5312342643737793
3.1812007427215576
3.545262575149536
3.301025629043579
4.035652160644531
2.0215606689453125
2.5690951347351074
2.401367664337158
3.935175895690918
4.758486270904541
2.3484933376312256
4.220088958740234
3.5048840045928955
3.3178436756134033
4.6290693283081055
4.716909885406494
3.753718852996826
4.024428844451904
3.4783878326416016
1.9575053453445435
5.047002792358398
3.159952163696289
3.354898452758789
2.8731729984283447
3.286139965057373
4.376794338226318
3.785764217376709
4.179867267608643
3.64068603515625
2.8010470867156982
4.187066555023193
3.6611435413360596
3.4696459770202637
2.411454200744629
3.7105021476745605
4.612534523010254
3.167327404022217
3.4655559062957764
5.550401210784912
3.8820436000823975
2.7009315490722656
3.3069229125976562
4.409016132354736
3.2112209796905518
4.18306303024292
4.545380115509033
4.013142108917236
4.431704044342041
3.4560816287994385
3.1507580280303955
3.762103319168091
3.927217721939087
4.412549018859863
4.078653335571289
6.266077041625977
3.1805970668792725
4.96763277053833
2.791487693786621
4.0579328536987305
3.4590113162994385
1.7327454090118408
6.324552536010742
3.751044273376465
4.032907009124756
5.147885799407959
3.240206718444824
3.1772689819335938
4.377800464630127
2.456860303878784
4.950202941894531
3.8580689430236816
3.214635133743286
4.370613098144531
3.602651357650757
3.687242031097412
2.7979681491851807
2.3160572052001953
1.991322636604309
2.7840421199798584
4.668644905090332
3.315678119659424
3.9634668827056885
1.3294121026992798
2.412370204925537
4.866138458251953
1.6576905250549316
3.5949935913085938
3.256842851638794
2.0043628215789795
3.5001156330108643
3.197232246398926
3.2554678916931152
3.408850908279419
3.9272828102111816
2.9476242065429688
2.7712008953094482
4.584894180297852
5.0275444984436035
4.1996612548828125
4.752710819244385
5.5789289474487305
3.046145439147949
3.5737497806549072
2.5851879119873047
3.2710490226745605
4.876498222351074
3.2023000717163086
2.0006392002105713
2.651273250579834
4.408091068267822
3.4581782817840576
3.117995262145996
4.971989631652832
4.59503173828125
2.8173670768737793
3.3902952671051025
3.1784558296203613
1.4930534362792969
4.608950138092041
1.4191839694976807
3.5404317378997803
3.195903778076172
3.856333017349243
5.379742622375488
3.0802340507507324
4.2781829833984375
2.668182373046875
3.59375262260437
2.8447165489196777
3.843614101409912
4.293429851531982
4.465028762817383
1.986372947692871
2.3020741939544678
2.740492820739746
3.089369535446167
2.97737193107605
4.463217735290527
3.4437313079833984
2.3912863731384277
2.899127244949341
2.505793809890747
4.130346775054932
3.9014413356781006
5.384749412536621
3.2495694160461426
4.728497505187988
2.628021717071533
3.2937135696411133
2.450239419937134
3.9406092166900635
3.5730698108673096
2.3283534049987793
3.614975690841675
2.6045732498168945
3.9658749103546143
3.604166030883789
0.7343898415565491
3.529214859008789
4.252424716949463
5.43096399307251
2.9144482612609863
3.725273847579956
3.0772993564605713
2.3461873531341553
4.083784103393555
3.5553927421569824
3.120893716812134
2.7544612884521484
4.470460891723633
5.464169025421143
3.534176826477051
3.8328044414520264
4.694562911987305
4.1409912109375
3.452388286590576
3.0320732593536377
3.540703535079956
2.99371600151062
3.316459894180298
3.74489426612854
3.95955491065979
4.518151760101318
3.5084261894226074
3.8321704864501953
4.6099066734313965
3.355142593383789
3.934641122817993
3.1331775188446045
3.462019920349121
2.980454444885254
2.6729414463043213
3.383490800857544
2.277876138687134
2.765841484069824
3.5312304496765137
5.029568195343018
2.5545599460601807
1.8124274015426636
2.5241174697875977
1.4882436990737915
5.65123176574707
3.3209617137908936
3.8288094997406006
3.467867851257324
3.6096391677856445
4.624117851257324
4.232903957366943
4.593113899230957
4.8601765632629395
4.346627712249756
2.525675058364868
4.3863677978515625
3.1053922176361084
4.545701026916504
2.016411781311035
3.1080355644226074
4.548716068267822
5.196807384490967
3.1670923233032227
2.1848087310791016
3.7698264122009277
1.9561573266983032
5.334860324859619
3.5589487552642822
3.4410319328308105
