3.7842516899108887
3.6456339359283447
3.376667022705078
2.8669962882995605
4.1290130615234375
2.5841455459594727
4.019978046417236
4.929188251495361
5.991053104400635
4.33832311630249
3.909259557723999
5.041760444641113
3.801239013671875
3.3533687591552734
4.252622127532959
2.654015064239502
5.452025890350342
2.724637508392334
2.402564287185669
4.563962459564209
3.9692416191101074
5.211460113525391
3.3516383171081543
2.4024429321289062
3.693610906600952
3.4961743354797363
4.3054280281066895
4.038699626922607
4.384082794189453
4.212862968444824
3.1133363246917725
3.070244073867798
2.7714688777923584
7.488739490509033
3.9065349102020264
3.4073097705841064
4.114083766937256
4.070311069488525
2.2475788593292236
3.8988330364227295
4.769506454467773
4.102272987365723
4.276346206665039
1.865776777267456
3.8221728801727295
3.9571750164031982
3.1562864780426025
4.41552734375
4.198541641235352
4.259401321411133
3.0508317947387695
3.1936020851135254
4.326882839202881
3.9410743713378906
3.525092840194702
2.6757943630218506
5.953578948974609
3.6808550357818604
2.9758026599884033
3.710655927658081
4.9273576736450195
4.154031753540039
5.320736408233643
3.551286220550537
3.701814889907837
2.5292258262634277
1.1023703813552856
4.8067426681518555
3.832980155944824
4.420033931732178
3.3003175258636475
2.844355821609497
5.075164318084717
2.603426694869995
3.52179217338562
3.5787200927734375
3.9767954349517822
2.0691871643066406
3.955702304840088
3.731550693511963
4.088161945343018
3.9679012298583984
3.420456647872925
4.0028181076049805
4.059622287750244
2.3559021949768066
2.771056890487671
3.902378797531128
4.790286540985107
5.337601184844971
2.652740001678467
3.8126025199890137
3.3119397163391113
3.5050318241119385
5.258425712585449
6.023512363433838
4.867006301879883
3.2132039070129395
4.611206531524658
3.9548983573913574
2.7911007404327393
5.585599899291992
4.1615447998046875
3.697052001953125
3.9814486503601074
3.9547119140625
4.073719501495361
3.935590982437134
3.5746712684631348
2.5771195888519287
6.024768829345703
3.963228464126587
3.896043300628662
4.797954559326172
2.6823229789733887
4.201627731323242
4.169793605804443
4.331277847290039
4.276622772216797
4.312605857849121
3.954629421234131
3.5059587955474854
2.680471181869507
1.7782365083694458
3.0596811771392822
3.0973262786865234
3.6429591178894043
4.174065589904785
3.781813621520996
2.783303737640381
3.533574342727661
5.667990684509277
4.642407417297363
5.093212127685547
3.8016316890716553
3.414513111114502
5.196976661682129
4.066984176635742
4.6419172286987305
4.459135055541992
3.892686367034912
1.784267783164978
2.778224468231201
5.7486114501953125
5.9114484786987305
3.698267936706543
3.894804000854492
2.924571990966797
3.852957010269165
3.6943790912628174
3.8453257083892822
2.350106954574585
5.656344413757324
7.290802001953125
3.929056167602539
3.5483286380767822
3.3652777671813965
4.275875091552734
4.627761363983154
2.650912284851074
3.55698823928833
3.252808094024658
3.602606773376465
4.498834133148193
5.353948593139648
4.226955890655518
1.4027799367904663
4.3981404304504395
3.4344711303710938
2.90427303314209
5.3302412033081055
4.629319190979004
2.8639731407165527
4.379438400268555
4.6184234619140625
3.242746353149414
6.331317901611328
3.8276407718658447
4.090075969696045
2.0687944889068604
3.1511800289154053
3.461817741394043
2.8227527141571045
2.922498941421509
2.263566017150879
3.574725866317749
3.2144417762756348
4.230504989624023
3.950594186782837
3.8627214431762695
4.267443656921387
4.726637363433838
4.9796929359436035
4.350377082824707
2.995375156402588
2.9670565128326416
2.7637228965759277
3.725196123123169
3.5028069019317627
5.49915885925293
3.39721941947937
4.442341327667236
4.465347766876221
2.7965404987335205
2.2127950191497803
4.240602016448975
3.742035388946533
3.579880952835083
2.8687686920166016
4.3568220138549805
1.861063838005066
4.075510501861572
3.542092800140381
3.8122787475585938
-0.2918054759502411
3.4669549465179443
3.62721848487854
1.0120524168014526
3.0431344509124756
3.8874764442443848
4.662426948547363
5.749141693115234
2.6946630477905273
3.0249576568603516
1.2268003225326538
3.927748203277588
3.3949403762817383
4.264745712280273
4.335329532623291
6.226214408874512
1.5123761892318726
2.496755361557007
5.299846649169922
3.8541550636291504
3.485960006713867
3.0253524780273438
5.029419422149658
1.7984538078308105
4.189217567443848
2.4859371185302734
3.778426170349121
3.645087242126465
4.002586841583252
2.644368886947632
3.498776912689209
3.035494565963745
3.186896562576294
2.263378143310547
3.7495737075805664
4.5149078369140625
4.712803840637207
4.0452070236206055
2.8661611080169678
4.501497268676758
2.675337791442871
3.3843395709991455
2.2051029205322266
4.255808353424072
3.138606548309326
5.10383415222168
3.8912439346313477
2.096100091934204
4.917217254638672
3.89856219291687
2.669067859649658
2.940211772918701
5.910680294036865
3.092313766479492
4.7934088706970215
3.6485912799835205
6.306896686553955
4.100698471069336
4.000871658325195
2.8360514640808105
3.6200103759765625
3.110581636428833
3.750699043273926
3.588268280029297
3.9503979682922363
2.0602664947509766
2.539525270462036
2.4405996799468994
3.804267644882202
5.140223026275635
2.9287426471710205
4.340996742248535
3.478264331817627
3.4953231811523438
4.819402694702148
4.884139060974121
3.663592576980591
4.283391952514648
3.7432215213775635
2.2417705059051514
4.942643165588379
3.1034581661224365
3.836595058441162
3.150251865386963
3.1675376892089844
4.539641380310059
3.6717522144317627
4.17794132232666
3.9072787761688232
3.0672833919525146
4.242804527282715
3.4954516887664795
3.407766580581665
2.821962356567383
3.738412380218506
4.369636535644531
3.367135763168335
3.3591198921203613
5.770102500915527
4.13899040222168
2.8559072017669678
3.7208292484283447
4.405307769775391
3.488473892211914
3.9854061603546143
4.27754020690918
4.228750705718994
4.611934661865234
3.33239483833313
3.2987494468688965
3.9739487171173096
3.8535995483398438
4.335747241973877
4.260866641998291
7.072888374328613
3.120433807373047
5.402659893035889
2.656893253326416
4.083324909210205
3.4497766494750977
2.136704444885254
6.7164626121521
3.792966842651367
3.915414333343506
5.3398284912109375
3.015942096710205
3.316398859024048
4.459685325622559
2.7953052520751953
4.600086688995361
3.5823047161102295
2.9146711826324463
4.711836814880371
3.2687556743621826
3.9122982025146484
2.6150567531585693
2.465010166168213
2.1471683979034424
3.007110357284546
4.829447269439697
4.021605491638184
4.096389293670654
1.3409831523895264
2.516704559326172
4.85177755355835
1.9396249055862427
3.80694842338562
3.215916633605957
2.085569381713867
3.6506600379943848
3.52451229095459
3.538130044937134
3.8727433681488037
4.108220100402832
3.3248910903930664
2.812239408493042
4.546272277832031
4.878021717071533
4.288515090942383
4.486513614654541
6.260686874389648
3.238152265548706
3.9032552242279053
2.8599889278411865
3.49243426322937
5.159053325653076
3.5817339420318604
2.4196815490722656
3.039828300476074
4.143374443054199
3.0770769119262695
3.238203525543213
5.719289779663086
4.847212791442871
3.116269111633301
3.5008583068847656
3.0116684436798096
1.5178242921829224
4.384810447692871
1.5052183866500854
3.568694829940796
3.434755563735962
3.8735857009887695
4.920901298522949
3.237170457839966
4.076143264770508
2.508697509765625
3.797785758972168
3.2533481121063232
3.5156421661376953
3.7765369415283203
4.388241767883301
2.1696619987487793
2.3459489345550537
2.8766725063323975
3.281747817993164
3.652207136154175
4.286489009857178
3.670050859451294
2.393934726715088
3.2472586631774902
2.7670493125915527
4.292754650115967
4.07585334777832
5.185534954071045
3.33591365814209
4.719332695007324
2.6846156120300293
3.2365288734436035
2.8524675369262695
4.237335681915283
3.4562387466430664
2.92124342918396
3.584765672683716
2.9188544750213623
4.112532138824463
3.7235007286071777
0.9698059558868408
3.3787286281585693
4.150817394256592
5.198428630828857
2.7854902744293213
3.5531275272369385
3.281188726425171
2.5841386318206787
4.034812927246094
3.6045565605163574
3.136430025100708
2.653627634048462
4.653175354003906
5.343987464904785
3.675922155380249
3.987837791442871
4.555069923400879
4.397317886352539
3.7847092151641846
3.126673698425293
3.4981722831726074
3.219829797744751
3.5368564128875732
3.9327714443206787
3.9118587970733643
4.77058219909668
3.7015016078948975
3.8748695850372314
4.71222448348999
3.582160711288452
4.018032550811768
3.3028814792633057
3.7274277210235596
3.1123929023742676
3.3903346061706543
3.4766643047332764
2.278160572052002
2.900529146194458
3.824528932571411
4.609468936920166
2.692085027694702
2.1637070178985596
2.2663350105285645
1.8147743940353394
5.9482951164245605
3.350343942642212
3.973568916320801
3.52878999710083
3.5715301036834717
4.336246967315674
4.119407653808594
4.298983097076416
5.179295539855957
4.562138557434082
2.8653159141540527
4.5346784591674805
3.538970708847046
4.546533107757568
2.1457419395446777
3.248030662536621
4.55418062210083
4.89003849029541
3.2193500995635986
2.029547691345215
4.016441822052002
1.89706552028656
5.4708333015441895
3.404078960418701
3.5934135913848877
