3.66770601272583
3.4999146461486816
3.4717257022857666
3.731537342071533
4.053539752960205
2.518857955932617
4.724553108215332
4.048733234405518
5.9265217781066895
3.805415153503418
4.155754566192627
5.011382102966309
3.358318567276001
3.64156174659729
4.716344356536865
2.8430089950561523
5.188871383666992
2.2159156799316406
2.5501649379730225
4.552138805389404
3.754420280456543
4.85338020324707
3.225766181945801
2.7544291019439697
3.336336851119995
3.466991424560547
4.23472785949707
3.739647626876831
4.153266906738281
4.3367018699646
3.7112858295440674
3.4080002307891846
2.913851022720337
6.71528959274292
3.070890426635742
3.762495279312134
3.7229526042938232
4.899689674377441
2.7912442684173584
3.55885910987854
4.596405506134033
3.85107684135437
4.037917613983154
3.1356041431427
3.23126482963562
4.168187141418457
3.222681999206543
4.6449408531188965
4.085864543914795
4.3431196212768555
3.683237314224243
3.629309892654419
4.456509113311768
3.759321451187134
3.8302390575408936
3.0653891563415527
5.129306793212891
4.029441833496094
3.3568942546844482
3.3828773498535156
4.8330230712890625
3.978891611099243
5.484066486358643
2.711768388748169
3.510300397872925
2.8505189418792725
1.3275986909866333
4.986210823059082
3.2262516021728516
4.349137306213379
3.553748846054077
2.909069776535034
5.2120890617370605
2.1618294715881348
3.1337263584136963
4.1214599609375
3.6149914264678955
2.079805612564087
4.228335857391357
3.8662631511688232
3.880323886871338
3.8556559085845947
3.555145025253296
3.97394061088562
3.755236864089966
2.9123454093933105
2.645383834838867
3.8258447647094727
4.834498882293701
5.15645694732666
2.9031386375427246
3.631850242614746
3.131544589996338
4.017286777496338
5.320878505706787
6.191136360168457
4.169593334197998
3.5037922859191895
4.486175537109375
4.2617011070251465
3.3621532917022705
5.026754856109619
3.929292917251587
3.784146308898926
4.000691890716553
4.677112102508545
3.7813563346862793
4.409304141998291
3.912155866622925
2.72286057472229
5.723357200622559
3.7276580333709717
3.489255428314209
4.946478843688965
2.6956422328948975
4.653990268707275
4.018049240112305
3.865187644958496
4.213531017303467
4.053471565246582
3.6603007316589355
3.0422208309173584
2.3282008171081543
2.6722495555877686
3.128021240234375
3.4131619930267334
3.3911337852478027
3.63010835647583
3.940666913986206
2.5374858379364014
3.8034229278564453
4.787014484405518
4.7406511306762695
5.0533246994018555
3.5230510234832764
3.1577630043029785
5.010584354400635
3.4418442249298096
4.537202835083008
4.624660968780518
3.6241683959960938
2.03509259223938
2.8854639530181885
5.228454113006592
5.460831642150879
3.886523485183716
3.6674277782440186
3.363015651702881
3.8905181884765625
3.78061580657959
4.27748966217041
2.4866716861724854
5.23716926574707
5.872622966766357
2.896958112716675
3.1353542804718018
2.9025113582611084
4.443455696105957
4.164816379547119
3.2326416969299316
3.7868311405181885
2.9739766120910645
3.7294983863830566
4.174534797668457
5.479785919189453
4.076807498931885
1.5815832614898682
4.248708724975586
3.7452824115753174
3.0901987552642822
5.050943374633789
4.625020503997803
2.6589527130126953
4.750048637390137
4.349969387054443
3.441089391708374
5.831872940063477
4.219234943389893
4.104949474334717
3.03782320022583
3.402794361114502
3.6384103298187256
2.5606613159179688
2.8753976821899414
2.454906702041626
3.565354585647583
3.4637789726257324
4.168384075164795
3.7847979068756104
3.913011074066162
3.778254985809326
5.131638526916504
4.464668273925781
4.5609893798828125
2.4983973503112793
3.1518404483795166
3.168363094329834
4.109421253204346
4.080349922180176
5.325338840484619
4.40534782409668
4.42448616027832
4.330092906951904
3.0238940715789795
2.443892478942871
4.080834865570068
3.5706608295440674
3.90716552734375
3.438159704208374
3.859233856201172
2.000521183013916
3.1564064025878906
3.3950035572052
4.149067401885986
-0.4051574170589447
3.653789520263672
2.9964380264282227
1.6983680725097656
3.200754404067993
3.9172308444976807
4.179582595825195
6.108928680419922
3.181757688522339
3.6299870014190674
1.0027036666870117
3.7799577713012695
3.204000234603882
4.12818717956543
5.2023138999938965
5.2569990158081055
1.8352165222167969
3.2823498249053955
5.457512855529785
3.920372724533081
3.0585215091705322
3.627326726913452
4.584744453430176
1.994398593902588
4.057963848114014
2.846755027770996
4.227200031280518
3.3637146949768066
3.603490114212036
3.5306949615478516
3.2425928115844727
2.747905731201172
2.6263315677642822
2.441805362701416
4.041505813598633
4.645626544952393
3.9861459732055664
3.717484712600708
3.4949700832366943
4.534915924072266
2.7136242389678955
3.3282084465026855
2.056226968765259
4.261496067047119
3.0303092002868652
5.018955230712891
4.171462535858154
2.1414716243743896
4.981417179107666
3.558288335800171
3.083338975906372
3.501152753829956
6.038755416870117
3.0747430324554443
4.628046035766602
3.557417869567871
5.965429782867432
4.068166732788086
3.4795939922332764
3.232466220855713
3.6799004077911377
3.2708022594451904
4.050239086151123
4.013521194458008
3.4433236122131348
2.1832234859466553
2.8570821285247803
2.950880289077759
3.605393171310425
5.723873615264893
3.8554208278656006
4.161341190338135
3.5547287464141846
3.6658122539520264
4.646506309509277
4.796741485595703
3.419807195663452
4.287380218505859
3.9868197441101074
2.6621315479278564
4.457503318786621
3.063842535018921
4.5734052658081055
3.5648274421691895
2.876497507095337
4.407027721405029
3.343902349472046
3.7554094791412354
4.4171247482299805
3.4140095710754395
4.101959705352783
3.242051362991333
3.6820240020751953
3.43868088722229
3.71533465385437
3.8893625736236572
3.4411134719848633
2.9638988971710205
5.295464515686035
4.481418132781982
3.1338467597961426
3.7232260704040527
4.359648704528809
3.587061882019043
3.999539852142334
3.7577598094940186
4.242994785308838
4.8320112228393555
2.739159107208252
3.4373722076416016
4.472445487976074
3.426919937133789
3.8388314247131348
4.522660255432129
7.114678859710693
2.697309732437134
5.483633518218994
2.1647746562957764
4.0158843994140625
3.211747407913208
2.8718600273132324
5.588352203369141
3.7440097332000732
3.829822301864624
5.576844692230225
2.8018479347229004
3.34494686126709
4.716100215911865
3.6345858573913574
4.206860542297363
3.185231924057007
2.4369585514068604
4.915278911590576
3.001511812210083
4.274181365966797
2.680237293243408
2.7468438148498535
2.6410257816314697
3.0926403999328613
4.768187999725342
5.02962064743042
4.198809623718262
1.297443151473999
2.679237127304077
4.630639553070068
2.3482284545898438
3.718737840652466
2.867603063583374
2.195111036300659
3.723344087600708
3.7767460346221924
3.832977056503296
4.477477550506592
4.062009811401367
3.3974387645721436
2.9496114253997803
4.316871643066406
4.493222713470459
4.015257358551025
4.363310813903809
6.129525661468506
3.641479253768921
3.961402654647827
2.9397292137145996
3.360870361328125
5.309685230255127
4.071922779083252
2.898940086364746
3.52767014503479
3.72769832611084
2.5725486278533936
3.174365520477295
5.941573143005371
4.995710372924805
3.3402042388916016
3.801100015640259
2.8128702640533447
1.4293655157089233
4.190087795257568
1.8300281763076782
4.144200801849365
3.661508798599243
3.807013511657715
4.559107303619385
3.6357200145721436
3.5914108753204346
2.2157576084136963
3.8574342727661133
3.7152531147003174
3.2108354568481445
2.9434146881103516
4.183845520019531
1.9735429286956787
2.6559321880340576
3.0816597938537598
3.5996546745300293
4.381909370422363
4.138025283813477
3.8750460147857666
2.251260995864868
3.5205492973327637
3.2572596073150635
4.160931587219238
4.26192045211792
4.87127685546875
2.8962137699127197
4.451939582824707
3.434356689453125
3.236215353012085
3.244624614715576
4.497768878936768
3.3871119022369385
3.592111825942993
3.0724081993103027
3.536811590194702
4.093210697174072
3.5856966972351074
1.3037546873092651
3.2305116653442383
3.957331657409668
4.769954681396484
2.4965529441833496
3.452406883239746
3.381967306137085
2.6806411743164062
3.773719072341919
4.006916522979736
2.8461551666259766
2.1736226081848145
5.225456237792969
4.673779487609863
3.7106080055236816
3.786414384841919
4.004719257354736
4.304611682891846
3.9405994415283203
3.2765634059906006
3.475728750228882
3.2183997631073
3.8095834255218506
3.814114570617676
3.8587841987609863
4.450505256652832
3.9460504055023193
3.858485698699951
4.793420314788818
3.930816411972046
3.9014103412628174
3.6534738540649414
3.788778066635132
3.2419402599334717
4.155070781707764
3.5192408561706543
2.5040948390960693
3.104522705078125
4.186181545257568
3.9536776542663574
2.4184422492980957
2.6338706016540527
2.0779693126678467
2.4633235931396484
5.872437477111816
3.29903507232666
3.816619873046875
3.6721315383911133
3.4485628604888916
4.069189071655273
3.734708786010742
4.0208892822265625
5.155248165130615
4.351736068725586
3.09663462638855
4.755635738372803
3.960920810699463
4.288172245025635
2.408287525177002
3.4924814701080322
4.366881847381592
3.8435230255126953
3.4813172817230225
1.6926169395446777
3.8604791164398193
2.38706374168396
5.517500400543213
3.2135117053985596
3.881725311279297
