3.6589982509613037
3.8717126846313477
2.923452854156494
2.105666160583496
4.022376537322998
2.1845107078552246
3.0731961727142334
4.743993282318115
4.45184326171875
3.9610254764556885
3.0026066303253174
3.959658622741699
3.5639283657073975
2.353468179702759
3.8136134147644043
2.291147470474243
5.427147388458252
2.761585235595703
3.382504463195801
4.275021553039551
3.6632699966430664
5.075652599334717
3.5444939136505127
2.0735023021698
3.200700044631958
3.247614860534668
3.761159658432007
4.103226184844971
4.0731964111328125
3.611375093460083
2.441744327545166
2.6861796379089355
2.3836920261383057
6.075209140777588
4.879153251647949
2.969684362411499
4.436714172363281
2.7309730052948
2.0505852699279785
4.045971870422363
4.110226631164551
4.035142421722412
3.959394693374634
0.7065150141716003
3.832731246948242
3.7503085136413574
2.66269588470459
3.3232996463775635
4.611241817474365
3.622180223464966
2.9777297973632812
2.647003412246704
3.972255229949951
3.6248788833618164
3.0459794998168945
2.1037487983703613
6.0901265144348145
2.8594682216644287
2.805830955505371
4.054335117340088
3.948188066482544
4.415960311889648
4.805971145629883
4.131918907165527
3.838871717453003
1.9930375814437866
0.5092659592628479
4.076131820678711
3.9211883544921875
4.246702671051025
2.8653838634490967
2.4898595809936523
4.650158405303955
2.7751808166503906
3.7597765922546387
3.230705738067627
3.255577802658081
1.9212265014648438
3.2725183963775635
3.0620670318603516
3.8988184928894043
3.906574010848999
2.9866814613342285
3.8058414459228516
3.416330575942993
1.4993935823440552
3.2847790718078613
3.5845134258270264
4.0449700355529785
5.229694366455078
2.6358511447906494
3.5906567573547363
3.541865348815918
2.4682984352111816
5.183716773986816
4.386463642120361
5.062918186187744
2.5742835998535156
3.5971291065216064
3.366515636444092
2.746539354324341
4.800631046295166
4.099760055541992
3.06077241897583
3.4083077907562256
2.725451707839966
4.067041397094727
3.1317861080169678
2.8521530628204346
2.2632436752319336
5.42707633972168
3.790714979171753
3.832620859146118
3.67488694190979
2.530154228210449
3.230520009994507
4.10869026184082
4.224911212921143
4.173323631286621
4.04941463470459
4.0055623054504395
3.725217342376709
2.8929100036621094
0.8181149363517761
2.6210381984710693
2.9742977619171143
3.350050210952759
3.7112131118774414
3.3145740032196045
3.108766555786133
3.402430534362793
4.916048049926758
4.299026966094971
4.913767337799072
3.890496015548706
3.188884735107422
4.907933235168457
4.029751300811768
3.9563050270080566
4.182541370391846
3.805896043777466
1.8738981485366821
2.207385301589966
5.907619953155518
5.653384208679199
3.4952614307403564
3.9536218643188477
2.495652914047241
3.23026967048645
3.3897273540496826
3.2800180912017822
1.9422646760940552
5.62790584564209
5.469554901123047
4.720516204833984
3.688156843185425
3.61841082572937
3.0885956287384033
4.3860273361206055
1.1333296298980713
3.441251277923584
3.2805535793304443
3.0637502670288086
3.89505672454834
4.738853454589844
4.3394365310668945
1.0076981782913208
4.251681327819824
3.1213724613189697
2.701955556869507
5.046627044677734
4.3122968673706055
3.290496587753296
3.34354829788208
4.804022312164307
2.9733564853668213
6.129627704620361
3.74151611328125
3.6081764698028564
1.4980645179748535
2.7676444053649902
3.209143877029419
3.139190435409546
2.7752363681793213
2.263885498046875
3.349208354949951
2.915022850036621
3.8313143253326416
3.404146432876587
3.631258964538574
4.531080722808838
4.200842380523682
5.592616558074951
3.8679773807525635
3.3734445571899414
2.723314046859741
2.1798784732818604
2.992276668548584
3.017791748046875
5.606564044952393
2.13159441947937
3.9538519382476807
4.353724956512451
2.406134605407715
2.0278830528259277
3.9177796840667725
3.9436678886413574
3.023991346359253
1.976922631263733
4.4893083572387695
2.163757085800171
4.225441932678223
3.7733078002929688
3.1938791275024414
-0.153537318110466
3.356994867324829
4.145955562591553
0.7060955762863159
2.9200408458709717
3.294480085372925
4.407864570617676
3.9096803665161133
2.394063711166382
2.2428507804870605
1.5919111967086792
3.5623764991760254
3.2650394439697266
3.852382183074951
3.403914451599121
5.832831382751465
0.9152162075042725
1.814325213432312
4.75410795211792
3.737288475036621
3.903522253036499
2.2674875259399414
4.92158317565918
1.6484613418579102
3.928626298904419
2.7231929302215576
2.8126742839813232
3.2553646564483643
3.5578808784484863
1.4784239530563354
3.107113838195801
3.437518835067749
3.341787099838257
1.9216117858886719
3.446770191192627
3.6597983837127686
4.757967472076416
3.7912540435791016
2.285284996032715
3.9433441162109375
2.5696935653686523
2.904728412628174
2.4867072105407715
3.9708821773529053
2.846839189529419
4.334835052490234
3.4599716663360596
2.418897867202759
3.9677791595458984
3.505107879638672
2.519171714782715
2.289137363433838
4.801589488983154
3.345161199569702
4.614636421203613
3.5543880462646484
5.420083522796631
3.5995068550109863
4.76889181137085
2.310499906539917
3.391720771789551
3.105304002761841
3.3862953186035156
3.024883985519409
4.088058948516846
2.119663953781128
2.4395642280578613
2.266409158706665
3.7000489234924316
4.609561443328857
2.02260422706604
4.0710930824279785
3.4130618572235107
3.2319231033325195
4.297943115234375
4.330770969390869
3.8754923343658447
3.629587411880493
3.1047232151031494
1.61590576171875
4.91489839553833
3.1882827281951904
2.8239338397979736
2.6488900184631348
3.246624708175659
4.118159294128418
3.758542537689209
4.303973197937012
3.3296730518341064
2.736924648284912
4.114463806152344
3.8317253589630127
3.3732943534851074
1.9835602045059204
3.445507049560547
4.666177272796631
2.972893238067627
3.5942742824554443
4.789009094238281
3.38733172416687
2.600395917892456
2.405130624771118
4.156764507293701
3.003812789916992
4.005772590637207
4.6936750411987305
3.9405531883239746
4.258052825927734
3.2958407402038574
3.0214743614196777
3.4614884853363037
3.6539454460144043
4.356636047363281
3.848956823348999
5.07441520690918
3.2497777938842773
4.82142448425293
2.786807060241699
3.830728769302368
3.6093759536743164
1.2783688306808472
5.301133155822754
3.4484171867370605
4.064468860626221
4.6962361335754395
3.6622958183288574
2.9293570518493652
4.079497814178467
2.3676319122314453
4.971531867980957
3.868783950805664
3.406096935272217
4.012058258056641
3.9689698219299316
3.3101611137390137
3.1329092979431152
2.31180739402771
1.795945644378662
2.535677194595337
4.263782501220703
2.885842800140381
3.7168214321136475
0.921388566493988
2.337023973464966
4.5062079429626465
1.6632800102233887
3.313042402267456
3.1415553092956543
1.8821452856063843
3.246490478515625
2.913849115371704
3.0340044498443604
2.8612923622131348
3.750302314758301
2.8575103282928467
2.503481864929199
4.288031101226807
5.131089687347412
4.017777442932129
4.626262187957764
4.811187267303467
2.9130148887634277
3.0644524097442627
2.1424834728240967
3.320675849914551
4.598468780517578
2.822544574737549
1.6420767307281494
2.418316602706909
4.612581729888916
3.8130486011505127
3.1335270404815674
4.155627250671387
4.238161563873291
2.5092673301696777
3.520620584487915
3.472330093383789
1.4039615392684937
4.684603691101074
1.218517541885376
3.4098682403564453
2.927405595779419
3.638648271560669
5.458258152008057
2.740053415298462
4.521234512329102
2.7738993167877197
3.4590365886688232
2.4634578227996826
3.899991989135742
4.747421741485596
4.525201320648193
1.7768954038619995
2.35674786567688
2.7646148204803467
2.7598705291748047
2.5608530044555664
4.083500862121582
3.022948980331421
2.329153537750244
2.571542739868164
2.453601360321045
3.9197027683258057
3.488436460494995
5.087897300720215
3.2720940113067627
4.539618968963623
2.6352951526641846
3.2712020874023438
2.355682849884033
3.7234230041503906
3.7586052417755127
1.9643620252609253
3.4638588428497314
2.4368503093719482
3.738426923751831
3.5287394523620605
0.587030827999115
3.7421391010284424
4.080672740936279
5.443571090698242
3.2686076164245605
3.777716875076294
2.6326229572296143
1.9061641693115234
4.003714084625244
3.296705961227417
3.1415369510650635
2.844571113586426
4.240650177001953
5.111725330352783
3.1706936359405518
3.700526237487793
4.356523513793945
3.6127946376800537
3.0346274375915527
2.8245625495910645
3.4283602237701416
2.748636245727539
2.955294370651245
3.614220142364502
3.76939058303833
4.092349529266357
3.109804630279541
3.7174789905548096
4.304258823394775
3.122347831726074
3.810182809829712
2.801678419113159
3.289638042449951
2.8723134994506836
2.1672916412353516
3.5494141578674316
2.4229683876037598
2.285794734954834
3.1095261573791504
5.104301452636719
2.6956989765167236
1.6365689039230347
2.7561073303222656
1.313355803489685
5.409997463226318
3.280717372894287
3.46773362159729
3.0437867641448975
3.634594440460205
4.707608222961426
4.110559940338135
4.597163200378418
4.15150260925293
3.819718837738037
2.2466511726379395
3.7920899391174316
2.9503746032714844
4.2238850593566895
1.924423098564148
2.964601755142212
4.208535671234131
4.823275566101074
3.099355936050415
2.5271894931793213
3.385241746902466
1.7777438163757324
4.901566028594971
3.544708013534546
3.233513116836548
